Iteration	CPUTime	PhysTime	Travels	Value	AvValue	MinValue	MaxValue	Delta	Criteria	Progress	dGMaxMin	CriteriaType	CriteriaVarType	CriteriaPercentage
1	5	0	0.0146052551	0	0	0	0	0	0	0	0	0	0	3
2	7	0	0.0292105103	0	0	0	0	0	0	0	0	0	0	3
3	9	0	0.0438157654	0	0	0	0	0	0	0	0	0	0	3
4	11	0	0.0584210205	0	0	0	0	0	0	0	0	0	0	3
5	13	0	0.0730262757	0	0	0	0	0	0	0	0	0	0	3
6	15	0	0.0876315308	0	0	0	0	0	0	0	0	0	0	3
7	17	0	0.102236786	0	0	0	0	0	0	0	0	0	0	3
8	20	0	0.116842041	0	0	0	0	0	0	0	0	0	0	3
9	22	0	0.131447296	0	0	0	0	0	0	0	0	0	0	3
10	24	0	0.146052551	0	0	0	0	0	0	0	0	0	0	3
11	26	0	0.160657807	0	0	0	0	0	0	0	0	0	0	3
12	28	0	0.175263062	0	0	0	0	0	0	0	0	0	0	3
13	30	0	0.189868317	0	0	0	0	0	0	0	0	0	0	3
14	31	0	0.204473572	0	0	0	0	0	0	0	0	0	0	3
15	33	0	0.219078827	0	0	0	0	0	0	0	0	0	0	3
16	35	0	0.233684082	0	0	0	0	0	0	0	0	0	0	3
17	36	0	0.248289337	0	0	0	0	0	0	0	0	0	0	3
18	38	0	0.262894592	0	0	0	0	0	0	0	0	0	0	3
19	40	0	0.277499848	0	0	0	0	0	0	0	0	0	0	3
20	41	0	0.292105103	0	0	0	0	0	0	0	0	0	0	3
21	43	0	0.306710358	0	0	0	0	0	0	0	0	0	0	3
22	45	0	0.321315613	0	0	0	0	0	0	0	0	0	0	3
23	47	0	0.335920868	0	0	0	0	0	0	0	0	0	0	3
24	48	0	0.350526123	0	0	0	0	0	0	0	0	0	0	3
25	50	0	0.365131378	0	0	0	0	0	0	0	0	0	0	3
26	52	0	0.379736634	0	0	0	0	0	0	0	0	0	0	3
27	53	0	0.394341889	0	0	0	0	0	0	0	0	0	0	3
28	55	0	0.408947144	0	0	0	0	0	0	0	0	0	0	3
29	57	0	0.423552399	0	0	0	0	0	0	0	0	0	0	3
30	58	0	0.438157654	0	0	0	0	0	0	0	0	0	0	3
31	60	0	0.452762909	0	0	0	0	0	0	0	0	0	0	3
32	62	0	0.467368164	0	0	0	0	0	0	0	0	0	0	3
33	63	0	0.48197342	0	0	0	0	0	0	0	0	0	0	3
34	65	0	0.496578675	0	0	0	0	0	0	0	0	0	0	3
35	67	0	0.51118393	0	0	0	0	0	0	0	0	0	0	3
36	68	0	0.525789185	0	0	0	0	0	0	0	0	0	0	3
37	70	0	0.54039444	0	0	0	0	0	0	0	0	0	0	3
38	72	0	0.554999695	0	0	0	0	0	0	0	0	0	0	3
39	74	0	0.56960495	0	0	0	0	0	0	0	0	0	0	3
40	75	0	0.584210205	0	0	0	0	0	0	0	0	0	0	3
41	77	0	0.598815461	0	0	0	0	0	0	0	0	0	0	3
42	79	0	0.613420716	0	0	0	0	0	0	0	0	0	0	3
43	80	0	0.628025971	0	0	0	0	0	0	0	0	0	0	3
44	82	0	0.642631226	0	0	0	0	0	0	0	0	0	0	3
45	84	0	0.657236481	0	0	0	0	0	0	0	0	0	0	3
46	85	0	0.671841736	0	0	0	0	0	0	0	0	0	0	3
47	87	0	0.686446991	0	0	0	0	0	0	0	0	0	0	3
48	90	0	0.701052247	0	0	0	0	0	0	0	0	0	0	3
49	92	0	0.715657502	0	0	0	0	0	0	0	0	0	0	3
50	94	0	0.730262757	0	0	0	0	0	0	0	0	0	0	3
51	96	0	0.744868012	0	0	0	0	0	0	0	0	0	0	3
52	97	0	0.759473267	0	0	0	0	0	0	0	0	0	0	3
53	99	0	0.774078522	0	0	0	0	0	0	0	0	0	0	3
54	101	0	0.788683777	0	0	0	0	0	0	0	0	0	0	3
55	103	0	0.803289033	0	0	0	0	0	0	0	0	0	0	3
56	104	0	0.817894288	0	0	0	0	0	0	0	0	0	0	3
57	106	0	0.832499543	0	0	0	0	0	0	0	0	0	0	3
58	108	0	0.847104798	0	0	0	0	0	0	0	0	0	0	3
59	109	0	0.861710053	0	0	0	0	0	0	0	0	0	0	3
60	111	0	0.876315308	0	0	0	0	0	0	0	0	0	0	3
61	113	0	0.890920563	0	0	0	0	0	0	0	0	0	0	3
62	114	0	0.905525819	0	0	0	0	0	0	0	0	0	0	3
63	116	0	0.920131074	0	0	0	0	0	0	0	0	0	0	3
64	118	0	0.934736329	0	0	0	0	0	0	0	0	0	0	3
65	120	0	0.949341584	0	0	0	0	0	0	0	0	0	0	3
66	121	0	0.963946839	0	0	0	0	0	0	0	0	0	0	3
67	123	0	0.978552094	0	0	0	0	0	0	0	0	0	0	3
68	125	0	0.993157349	0	0	0	0	0	0	0	0	0	0	3
69	126	0	1.0077626	0	0	0	0	0	5e-006	100	0	0	0	3
70	128	0	1.02236786	0	0	0	0	0	5e-006	100	0	0	0	3
71	130	0	1.03697311	0	0	0	0	0	5e-006	100	0	0	0	3
72	131	0	1.05157837	0	0	0	0	0	5e-006	100	0	0	0	3
73	133	0	1.06618363	0	0	0	0	0	5e-006	100	0	0	0	3
74	134	0	1.08078888	0	0	0	0	0	5e-006	100	0	0	0	3
75	136	0	1.09539414	0	0	0	0	0	5e-006	100	0	0	0	3
76	138	0	1.10999939	0	0	0	0	0	5e-006	100	0	0	0	3
77	139	0	1.12460465	0	0	0	0	0	5e-006	100	0	0	0	3
78	141	0	1.1392099	0	0	0	0	0	5e-006	100	0	0	0	3
79	143	0	1.15381516	0	0	0	0	0	5e-006	100	0	0	0	3
80	144	0	1.16842041	0	0	0	0	0	5e-006	100	0	0	0	3
81	146	0	1.18302567	0	0	0	0	0	5e-006	100	0	0	0	3
82	148	0	1.19763092	0	0	0	0	0	5e-006	100	0	0	0	3
83	150	0	1.21223618	0	0	0	0	0	5e-006	100	0	0	0	3
84	151	0	1.22684143	0	0	0	0	0	5e-006	100	0	0	0	3
85	153	0	1.24144669	0	0	0	0	0	5e-006	100	0	0	0	3
86	155	0	1.25605194	0	0	0	0	0	5e-006	100	0	0	0	3
87	156	0	1.2706572	0	0	0	0	0	5e-006	100	0	0	0	3
88	158	0	1.28526245	0	0	0	0	0	5e-006	100	0	0	0	3
89	160	0	1.29986771	0	0	0	0	0	5e-006	100	0	0	0	3
90	161	0	1.31447296	0	0	0	0	0	5e-006	100	0	0	0	3
91	163	0	1.32907822	0	0	0	0	0	5e-006	100	0	0	0	3
92	165	0	1.34368347	0	0	0	0	0	5e-006	100	0	0	0	3
93	166	0	1.35828873	0	0	0	0	0	5e-006	100	0	0	0	3
94	168	0	1.37289398	0	0	0	0	0	5e-006	100	0	0	0	3
95	170	0	1.38749924	0	0	0	0	0	5e-006	100	0	0	0	3
96	171	0	1.40210449	0	0	0	0	0	5e-006	100	0	0	0	3
97	173	0	1.41670975	0	0	0	0	0	5e-006	100	0	0	0	3
98	175	0	1.431315	0	0	0	0	0	5e-006	100	0	0	0	3
99	176	0	1.44592026	0	0	0	0	0	5e-006	100	0	0	0	3
100	178	0	1.46052551	0	0	0	0	0	5e-006	100	0	0	0	3
101	180	0	1.47513077	0	0	0	0	0	5e-006	100	0	0	0	3
102	182	0	1.48973602	0	0	0	0	0	5e-006	100	0	0	0	3
103	183	0	1.50434128	0	0	0	0	0	5e-006	100	0	0	0	3
104	185	0	1.51894653	0	0	0	0	0	5e-006	100	0	0	0	3
105	187	0	1.53355179	0	0	0	0	0	5e-006	100	0	0	0	3
106	188	0	1.54815704	0	0	0	0	0	5e-006	100	0	0	0	3
107	190	0	1.5627623	0	0	0	0	0	5e-006	100	0	0	0	3
108	191	0	1.57736755	0	0	0	0	0	5e-006	100	0	0	0	3
109	193	0	1.59197281	0	0	0	0	0	5e-006	100	0	0	0	3
110	195	0	1.60657807	0	0	0	0	0	5e-006	100	0	0	0	3
111	196	0	1.62118332	0	0	0	0	0	5e-006	100	0	0	0	3
112	198	0	1.63578858	0	0	0	0	0	5e-006	100	0	0	0	3
113	200	0	1.65039383	0	0	0	0	0	5e-006	100	0	0	0	3
114	201	0	1.66499909	0	0	0	0	0	5e-006	100	0	0	0	3
115	203	0	1.67960434	0	0	0	0	0	5e-006	100	0	0	0	3
116	205	0	1.6942096	0	0	0	0	0	5e-006	100	0	0	0	3
117	206	0	1.70881485	0	0	0	0	0	5e-006	100	0	0	0	3
118	208	0	1.72342011	0	0	0	0	0	5e-006	100	0	0	0	3
119	210	0	1.73802536	0	0	0	0	0	5e-006	100	0	0	0	3
120	211	0	1.75263062	0	0	0	0	0	5e-006	100	0	0	0	3
121	213	0	1.76723587	0	0	0	0	0	5e-006	100	0	0	0	3
122	215	0	1.78184113	0	0	0	0	0	5e-006	100	0	0	0	3
123	216	0	1.79644638	0	0	0	0	0	5e-006	100	0	0	0	3
124	218	0	1.81105164	0	0	0	0	0	5e-006	100	0	0	0	3
125	220	0	1.82565689	0	0	0	0	0	5e-006	100	0	0	0	3
126	222	0	1.84026215	0	0	0	0	0	5e-006	100	0	0	0	3
127	224	0	1.8548674	0	0	0	0	0	5e-006	100	0	0	0	3
128	225	0	1.86947266	0	0	0	0	0	5e-006	100	0	0	0	3
129	227	0	1.88407791	0	0	0	0	0	5e-006	100	0	0	0	3
130	229	0	1.89868317	0	0	0	0	0	5e-006	100	0	0	0	3
131	230	0	1.91328842	0	0	0	0	0	5e-006	100	0	0	0	3
132	232	0	1.92789368	0	0	0	0	0	5e-006	100	0	0	0	3
133	234	0	1.94249893	0	0	0	0	0	5e-006	100	0	0	0	3
134	235	0	1.95710419	0	0	0	0	0	5e-006	100	0	0	0	3
135	237	0	1.97170944	0	0	0	0	0	5e-006	100	0	0	0	3
136	238	0	1.9863147	0	0	0	0	0	5e-006	100	0	0	0	3
137	240	0	2.00091995	0	0	0	0	0	5e-006	100	0	0	0	3
138	242	0	2.01552521	0	0	0	0	0	5e-006	100	0	0	0	3
139	243	0	2.03013046	0	0	0	0	0	5e-006	100	0	0	0	3
140	245	0	2.04473572	0	0	0	0	0	5e-006	100	0	0	0	3
141	247	0	2.05934097	0	0	0	0	0	5e-006	100	0	0	0	3
142	248	0	2.07394623	0	0	0	0	0	5e-006	100	0	0	0	3
143	250	0	2.08855148	0	0	0	0	0	5e-006	100	0	0	0	3
144	252	0	2.10315674	0	0	0	0	0	5e-006	100	0	0	0	3
145	253	0	2.11776199	0	0	0	0	0	5e-006	100	0	0	0	3
146	255	0	2.13236725	0	0	0	0	0	5e-006	100	0	0	0	3
147	257	0	2.14697251	0	0	0	0	0	5e-006	100	0	0	0	3
148	258	0	2.16157776	0	0	0	0	0	5e-006	100	0	0	0	3
149	260	0	2.17618302	0	0	0	0	0	5e-006	100	0	0	0	3
150	261	0	2.19078827	0	0	0	0	0	5e-006	100	0	0	0	3
151	263	0	2.20539353	0	0	0	0	0	5e-006	100	0	0	0	3
152	265	0	2.21999878	0	0	0	0	0	5e-006	100	0	0	0	3
153	266	0	2.23460404	0	0	0	0	0	5e-006	100	0	0	0	3
154	268	0	2.24920929	0	0	0	0	0	5e-006	100	0	0	0	3
155	270	0	2.26381455	0	0	0	0	0	5e-006	100	0	0	0	3
156	271	0	2.2784198	0	0	0	0	0	5e-006	100	0	0	0	3
157	273	0	2.29302506	0	0	0	0	0	5e-006	100	0	0	0	3
158	275	0	2.30763031	0	0	0	0	0	5e-006	100	0	0	0	3
159	276	0	2.32223557	0	0	0	0	0	5e-006	100	0	0	0	3
160	278	0	2.33684082	0	0	0	0	0	5e-006	100	0	0	0	3
161	280	0	2.35144608	0	0	0	0	0	5e-006	100	0	0	0	3
162	281	0	2.36605133	0	0	0	0	0	5e-006	100	0	0	0	3
163	283	0	2.38065659	0	0	0	0	0	5e-006	100	0	0	0	3
164	285	0	2.39526184	0	0	0	0	0	5e-006	100	0	0	0	3
165	286	0	2.4098671	0	0	0	0	0	5e-006	100	0	0	0	3
166	288	0	2.42447235	0	0	0	0	0	5e-006	100	0	0	0	3
167	290	0	2.43907761	0	0	0	0	0	5e-006	100	0	0	0	3
168	292	0	2.45368286	0	0	0	0	0	5e-006	100	0	0	0	3
169	293	0	2.46828812	0	0	0	0	0	5e-006	100	0	0	0	3
170	295	0	2.48289337	0	0	0	0	0	5e-006	100	0	0	0	3
171	297	0	2.49749863	0	0	0	0	0	5e-006	100	0	0	0	3
172	298	0	2.51210388	0	0	0	0	0	5e-006	100	0	0	0	3
173	300	0	2.52670914	0	0	0	0	0	5e-006	100	0	0	0	3
174	302	0	2.54131439	0	0	0	0	0	5e-006	100	0	0	0	3
175	303	0	2.55591965	0	0	0	0	0	5e-006	100	0	0	0	3
176	305	0	2.5705249	0	0	0	0	0	5e-006	100	0	0	0	3
177	306	0	2.58513016	0	0	0	0	0	5e-006	100	0	0	0	3
178	308	0	2.59973541	0	0	0	0	0	5e-006	100	0	0	0	3
179	310	0	2.61434067	0	0	0	0	0	5e-006	100	0	0	0	3
180	311	0	2.62894592	0	0	0	0	0	5e-006	100	0	0	0	3
181	313	0	2.64355118	0	0	0	0	0	5e-006	100	0	0	0	3
182	315	0	2.65815643	0	0	0	0	0	5e-006	100	0	0	0	3
183	316	0	2.67276169	0	0	0	0	0	5e-006	100	0	0	0	3
184	318	0	2.68736695	0	0	0	0	0	5e-006	100	0	0	0	3
185	320	0	2.7019722	0	0	0	0	0	5e-006	100	0	0	0	3
186	321	0	2.71657746	0	0	0	0	0	5e-006	100	0	0	0	3
187	323	0	2.73118271	0	0	0	0	0	5e-006	100	0	0	0	3
188	325	0	2.74578797	0	0	0	0	0	5e-006	100	0	0	0	3
189	326	0	2.76039322	0	0	0	0	0	5e-006	100	0	0	0	3
190	328	0	2.77499848	0	0	0	0	0	5e-006	100	0	0	0	3
191	330	0	2.78960373	0	0	0	0	0	5e-006	100	0	0	0	3
192	331	0	2.80420899	0	0	0	0	0	5e-006	100	0	0	0	3
193	333	0	2.81881424	0	0	0	0	0	5e-006	100	0	0	0	3
194	335	0	2.8334195	0	0	0	0	0	5e-006	100	0	0	0	3
195	336	0	2.84802475	0	0	0	0	0	5e-006	100	0	0	0	3
196	338	0	2.86263001	0	0	0	0	0	5e-006	100	0	0	0	3
197	340	0	2.87723526	0	0	0	0	0	5e-006	100	0	0	0	3
198	342	0	2.89184052	0	0	0	0	0	5e-006	100	0	0	0	3
199	343	0	2.90644577	0	0	0	0	0	5e-006	100	0	0	0	3
200	345	0	2.92105103	0	0	0	0	0	5e-006	100	0	0	0	3
201	347	0	2.93565628	0	0	0	0	0	5e-006	100	0	0	0	3
202	349	0	2.95026154	0	0	0	0	0	5e-006	100	0	0	0	3
203	350	0	2.96486679	0	0	0	0	0	5e-006	100	0	0	0	3
204	352	0	2.97947205	0	0	0	0	0	5e-006	100	0	0	0	3
205	354	0	2.9940773	0	0	0	0	0	5e-006	100	0	0	0	3
206	356	0	3.00868256	0	0	0	0	0	5e-006	100	0	0	0	3
207	357	0	3.02328781	0	0	0	0	0	5e-006	100	0	0	0	3
208	359	0	3.03789307	0	0	0	0	0	5e-006	100	0	0	0	3
209	361	0	3.05249832	0	0	0	0	0	5e-006	100	0	0	0	3
210	362	0	3.06710358	0	0	0	0	0	5e-006	100	0	0	0	3
211	364	0	3.08170883	0	0	0	0	0	5e-006	100	0	0	0	3
212	366	0	3.09631409	0	0	0	0	0	5e-006	100	0	0	0	3
213	367	0	3.11091934	0	0	0	0	0	5e-006	100	0	0	0	3
214	369	0	3.1255246	0	0	0	0	0	5e-006	100	0	0	0	3
215	371	0	3.14012985	0	0	0	0	0	5e-006	100	0	0	0	3
216	372	0	3.15473511	0	0	0	0	0	5e-006	100	0	0	0	3
217	374	0	3.16934036	0	0	0	0	0	5e-006	100	0	0	0	3
218	376	0	3.18394562	0	0	0	0	0	5e-006	100	0	0	0	3
219	378	0	3.19855088	0	0	0	0	0	5e-006	100	0	0	0	3
220	379	0	3.21315613	0	0	0	0	0	5e-006	100	0	0	0	3
221	381	0	3.22776139	0	0	0	0	0	5e-006	100	0	0	0	3
222	383	0	3.24236664	0	0	0	0	0	5e-006	100	0	0	0	3
223	384	0	3.2569719	0	0	0	0	0	5e-006	100	0	0	0	3
224	386	0	3.27157715	0	0	0	0	0	5e-006	100	0	0	0	3
225	388	0	3.28618241	0	0	0	0	0	5e-006	100	0	0	0	3
226	389	0	3.30078766	0	0	0	0	0	5e-006	100	0	0	0	3
227	391	0	3.31539292	0	0	0	0	0	5e-006	100	0	0	0	3
228	392	0	3.32999817	0	0	0	0	0	5e-006	100	0	0	0	3
229	394	0	3.34460343	0	0	0	0	0	5e-006	100	0	0	0	3
230	396	0	3.35920868	0	0	0	0	0	5e-006	100	0	0	0	3
231	397	0	3.37381394	0	0	0	0	0	5e-006	100	0	0	0	3
232	399	0	3.38841919	0	0	0	0	0	5e-006	100	0	0	0	3
233	401	0	3.40302445	0	0	0	0	0	5e-006	100	0	0	0	3
234	402	0	3.4176297	0	0	0	0	0	5e-006	100	0	0	0	3
235	404	0	3.43223496	0	0	0	0	0	5e-006	100	0	0	0	3
236	406	0	3.44684021	0	0	0	0	0	5e-006	100	0	0	0	3
237	407	0	3.46144547	0	0	0	0	0	5e-006	100	0	0	0	3
238	409	0	3.47605072	0	0	0	0	0	5e-006	100	0	0	0	3
239	411	0	3.49065598	0	0	0	0	0	5e-006	100	0	0	0	3
240	412	0	3.50526123	0	0	0	0	0	5e-006	100	0	0	0	3
241	414	0	3.51986649	0	0	0	0	0	5e-006	100	0	0	0	3
242	415	0	3.53447174	0	0	0	0	0	5e-006	100	0	0	0	3
243	417	0	3.549077	0	0	0	0	0	5e-006	100	0	0	0	3
244	419	0	3.56368225	0	0	0	0	0	5e-006	100	0	0	0	3
245	421	0	3.57828751	0	0	0	0	0	5e-006	100	0	0	0	3
246	422	0	3.59289276	0	0	0	0	0	5e-006	100	0	0	0	3
247	424	0	3.60749802	0	0	0	0	0	5e-006	100	0	0	0	3
248	426	0	3.62210327	0	0	0	0	0	5e-006	100	0	0	0	3
249	427	0	3.63670853	0	0	0	0	0	5e-006	100	0	0	0	3
250	429	0	3.65131378	0	0	0	0	0	5e-006	100	0	0	0	3
251	431	0	3.66591904	0	0	0	0	0	5e-006	100	0	0	0	3
252	432	0	3.68052429	0	0	0	0	0	5e-006	100	0	0	0	3
253	434	0	3.69512955	0	0	0	0	0	5e-006	100	0	0	0	3
254	435	0	3.7097348	0	0	0	0	0	5e-006	100	0	0	0	3
255	437	0	3.72434006	0	0	0	0	0	5e-006	100	0	0	0	3
256	439	0	3.73894532	0	0	0	0	0	5e-006	100	0	0	0	3
257	440	0	3.75355057	0	0	0	0	0	5e-006	100	0	0	0	3
258	442	0	3.76815583	0	0	0	0	0	5e-006	100	0	0	0	3
259	444	0	3.78276108	0	0	0	0	0	5e-006	100	0	0	0	3
260	445	0	3.79736634	0	0	0	0	0	5e-006	100	0	0	0	3
261	447	0	3.81197159	0	0	0	0	0	5e-006	100	0	0	0	3
262	449	0	3.82657685	0	0	0	0	0	5e-006	100	0	0	0	3
263	450	0	3.8411821	0	0	0	0	0	5e-006	100	0	0	0	3
264	452	0	3.85578736	0	0	0	0	0	5e-006	100	0	0	0	3
265	454	0	3.87039261	0	0	0	0	0	5e-006	100	0	0	0	3
266	455	0	3.88499787	0	0	0	0	0	5e-006	100	0	0	0	3
267	457	0	3.89960312	0	0	0	0	0	5e-006	100	0	0	0	3
268	458	0	3.91420838	0	0	0	0	0	5e-006	100	0	0	0	3
269	460	0	3.92881363	0	0	0	0	0	5e-006	100	0	0	0	3
270	462	0	3.94341889	0	0	0	0	0	5e-006	100	0	0	0	3
271	463	0	3.95802414	0	0	0	0	0	5e-006	100	0	0	0	3
272	465	0	3.9726294	0	0	0	0	0	5e-006	100	0	0	0	3
273	466	0	3.98723465	0	0	0	0	0	5e-006	100	0	0	0	3
274	468	0	4.00183991	0	0	0	0	0	5e-006	100	0	0	0	3
