Iteration	CPUTime	PhysTime	Travels	Value	AvValue	MinValue	MaxValue	Delta	Criteria	Progress	dGMaxMin	CriteriaType	CriteriaVarType	CriteriaPercentage
1	5	0	0.0146052551	101325.001	101325.001	101325.001	101325.001	0	0	0	519.192	0	0	3
2	7	0	0.0292105103	101324.955	101324.978	101324.955	101325.001	0.0229732615	0	0	913.88	0	0	3
3	9	0	0.0438157654	101325.15	101325.035	101324.955	101325.15	0.0575434241	0	0	478.143	0	0	3
4	11	0	0.0584210205	101324.885	101324.998	101324.885	101325.15	0.0575434241	0	0	434.408	0	0	3
5	13	0	0.0730262757	101324.685	101324.935	101324.685	101325.15	0.100075375	0	0	297.458	0	0	3
6	15	0	0.0876315308	101324.982	101324.943	101324.685	101325.15	0.100075375	0	0	277.652	0	0	3
7	17	0	0.102236786	101324.978	101324.948	101324.685	101325.15	0.100075375	0	0	206.27	0	0	3
8	20	0	0.116842041	101325.089	101324.966	101324.685	101325.15	0.100075375	0	0	160.507	0	0	3
9	22	0	0.131447296	101325.049	101324.975	101324.685	101325.15	0.100075375	0	0	143.18	0	0	3
10	24	0	0.146052551	101325.052	101324.983	101324.685	101325.15	0.100075375	0	0	141.495	0	0	3
11	26	0	0.160657807	101325.03	101324.987	101324.685	101325.15	0.100075375	0	0	119.619	0	0	3
12	28	0	0.175263062	101325.018	101324.99	101324.685	101325.15	0.100075375	0	0	91.9707	0	0	3
13	30	0	0.189868317	101325.017	101324.992	101324.685	101325.15	0.100075375	0	0	74.9903	0	0	3
14	31	0	0.204473572	101325.012	101324.993	101324.685	101325.15	0.100075375	0	0	58.0016	0	0	3
15	33	0	0.219078827	101325.013	101324.994	101324.685	101325.15	0.100075375	0	0	58.1989	0	0	3
16	35	0	0.233684082	101325.009	101324.995	101324.685	101325.15	0.100075375	0	0	59.419	0	0	3
17	36	0	0.248289337	101325.007	101324.996	101324.685	101325.15	0.100075375	0	0	60.3232	0	0	3
18	38	0	0.262894592	101325.003	101324.996	101324.685	101325.15	0.100075375	0	0	61.9562	0	0	3
19	40	0	0.277499848	101324.993	101324.996	101324.685	101325.15	0.100075375	0	0	63.709	0	0	3
20	41	0	0.292105103	101324.996	101324.996	101324.685	101325.15	0.100075375	0	0	73.6769	0	0	3
21	43	0	0.306710358	101324.996	101324.996	101324.685	101325.15	0.100075375	0	0	68.0207	0	0	3
22	45	0	0.321315613	101324.998	101324.996	101324.685	101325.15	0.100075375	0	0	55.6796	0	0	3
23	47	0	0.335920868	101325.005	101324.997	101324.685	101325.15	0.100075375	0	0	44.6694	0	0	3
24	48	0	0.350526123	101325.002	101324.997	101324.685	101325.15	0.100075375	0	0	45.5911	0	0	3
25	50	0	0.365131378	101325.005	101324.997	101324.685	101325.15	0.100075375	0	0	43.2592	0	0	3
26	52	0	0.379736634	101325.002	101324.997	101324.685	101325.15	0.100075375	0	0	36.5375	0	0	3
27	53	0	0.394341889	101325.004	101324.998	101324.685	101325.15	0.100075375	0	0	34.5347	0	0	3
28	55	0	0.408947144	101324.999	101324.998	101324.685	101325.15	0.100075375	0	0	31.6484	0	0	3
29	57	0	0.423552399	101325	101324.998	101324.685	101325.15	0.100075375	0	0	28.0836	0	0	3
30	58	0	0.438157654	101324.998	101324.998	101324.685	101325.15	0.100075375	0	0	23.4536	0	0	3
31	60	0	0.452762909	101324.999	101324.998	101324.685	101325.15	0.100075375	0	0	25.3514	0	0	3
32	62	0	0.467368164	101324.995	101324.998	101324.685	101325.15	0.100075375	0	0	24.6608	0	0	3
33	63	0	0.48197342	101324.994	101324.998	101324.685	101325.15	0.100075375	0	0	22.4707	0	0	3
34	65	0	0.496578675	101324.997	101324.998	101324.685	101325.15	0.100075375	0	0	19.0667	0	0	3
35	67	0	0.51118393	101325.002	101324.998	101324.685	101325.15	0.100075375	0	0	20.4778	0	0	3
36	68	0	0.525789185	101325.002	101324.998	101324.685	101325.15	0.100075375	0	0	21.172	0	0	3
37	70	0	0.54039444	101325	101324.999	101324.685	101325.15	0.100075375	0	0	23.8561	0	0	3
38	72	0	0.554999695	101325.001	101324.995	101324.685	101325.089	0.0639627259	0	0	25.2818	0	0	3
39	74	0	0.56960495	101325.009	101324.998	101324.685	101325.089	0.0639627259	0	0	23.3114	0	0	3
40	75	0	0.584210205	101325.001	101325.007	101324.978	101325.089	0.0644668487	0	0	22.9428	0	0	3
41	77	0	0.598815461	101324.996	101325.008	101324.978	101325.089	0.0597973048	0	0	21.2783	0	0	3
42	79	0	0.613420716	101324.998	101325.008	101324.993	101325.089	0.0427283912	0	0	21.6299	0	0	3
43	80	0	0.628025971	101324.998	101325.006	101324.993	101325.052	0.0334421578	0	0	22.3831	0	0	3
44	82	0	0.642631226	101324.998	101325.004	101324.993	101325.052	0.0256968536	0	0	22.4406	0	0	3
45	84	0	0.657236481	101324.999	101325.003	101324.993	101325.03	0.0213915868	0	0	22.1555	0	0	3
46	85	0	0.671841736	101324.999	101325.002	101324.993	101325.018	0.0187814473	0	0	21.0714	0	0	3
47	87	0	0.686446991	101324.998	101325.001	101324.993	101325.017	0.0166690802	0	0	19.699	0	0	3
48	90	0	0.701052247	101324.999	101325.001	101324.993	101325.013	0.0151906351	0	0	19.1351	0	0	3
49	92	0	0.715657502	101325	101325	101324.993	101325.013	0.0138990119	0	0	18.4447	0	0	3
50	94	0	0.730262757	101325	101325	101324.993	101325.009	0.0135316524	0	0	19.2188	0	0	3
51	96	0	0.744868012	101325	101325	101324.993	101325.009	0.0135316524	0	0	19.2705	0	0	3
52	97	0	0.759473267	101325.001	101325	101324.993	101325.009	0.0135316524	0	0	20.3689	0	0	3
53	99	0	0.774078522	101325	101325	101324.993	101325.009	0.0135316524	0	0	21.5232	0	0	3
54	101	0	0.788683777	101324.999	101325	101324.994	101325.009	0.0135316524	0	0	22.2853	0	0	3
55	103	0	0.803289033	101324.999	101325	101324.994	101325.009	0.0135316524	0	0	22.8799	0	0	3
56	104	0	0.817894288	101324.998	101325	101324.994	101325.009	0.0135316524	0	0	22.8181	0	0	3
57	106	0	0.832499543	101324.997	101325	101324.994	101325.009	0.0135316524	0	0	21.8873	0	0	3
58	108	0	0.847104798	101324.998	101325	101324.994	101325.009	0.0135316524	0	0	21.144	0	0	3
59	109	0	0.861710053	101324.999	101325	101324.994	101325.009	0.0135316524	0	0	20.7156	0	0	3
60	111	0	0.876315308	101324.999	101324.999	101324.994	101325.009	0.0135316524	0	0	20.5024	0	0	3
61	113	0	0.890920563	101324.999	101324.999	101324.994	101325.009	0.0135316524	0	0	20.3924	0	0	3
62	114	0	0.905525819	101324.999	101324.999	101324.994	101325.009	0.0135316524	0	0	20.3909	0	0	3
63	116	0	0.920131074	101324.999	101324.999	101324.994	101325.009	0.0135316524	0	0	20.4242	0	0	3
64	118	0	0.934736329	101324.998	101324.999	101324.994	101325.009	0.0135316524	0	0	20.689	0	0	3
65	120	0	0.949341584	101324.998	101324.999	101324.994	101325.009	0.0135316524	0	0	20.6942	0	0	3
66	121	0	0.963946839	101324.998	101324.999	101324.994	101325.009	0.0135316524	0	0	21.1945	0	0	3
67	123	0	0.978552094	101324.998	101324.999	101324.994	101325.009	0.0135316524	0	0	21.1253	0	0	3
68	125	0	0.993157349	101324.998	101324.999	101324.996	101325.009	0.0127349712	0	0	21.6251	0	0	3
69	126	0	1.0077626	101324.998	101324.999	101324.996	101325.009	0.0127349712	0.0139668823	100	21.504	0	0	3
70	128	0	1.02236786	101324.998	101324.999	101324.996	101325.009	0.0127349712	0.0139668823	100	22.0432	0	0	3
71	130	0	1.03697311	101324.998	101324.999	101324.996	101325.009	0.0127349712	0.0139668823	100	21.9276	0	0	3
72	131	0	1.05157837	101324.999	101324.999	101324.996	101325.009	0.0127349712	0.0139668823	100	22.5514	0	0	3
73	133	0	1.06618363	101324.998	101324.999	101324.996	101325.009	0.00999843364	0.0139668823	100	22.5859	0	0	3
74	134	0	1.08078888	101324.998	101324.999	101324.996	101325.001	0.00480056684	0.0139668823	100	23.2901	0	0	3
75	136	0	1.09539414	101324.998	101324.999	101324.996	101325.001	0.0042946341	0.0139668823	100	22.7222	0	0	3
76	138	0	1.10999939	101324.998	101324.999	101324.997	101325.001	0.0031088465	0.0139668823	100	22.8021	0	0	3
77	139	0	1.12460465	101324.998	101324.999	101324.997	101325.001	0.0031088465	0.0139668823	100	22.6208	0	0	3
78	141	0	1.1392099	101324.999	101324.999	101324.997	101325.001	0.0031088465	0.0139668823	100	23.1136	0	0	3
79	143	0	1.15381516	101324.999	101324.999	101324.997	101325.001	0.0031088465	0.0139668823	100	22.9086	0	0	3
80	144	0	1.16842041	101324.998	101324.999	101324.997	101325.001	0.0031088465	0.0139668823	100	23.0758	0	0	3
81	146	0	1.18302567	101324.998	101324.999	101324.997	101325.001	0.00277348714	0.0139668823	100	23.1133	0	0	3
82	148	0	1.19763092	101324.998	101324.999	101324.997	101325.001	0.00225013388	0.0139668823	100	23.1688	0	0	3
83	150	0	1.21223618	101324.998	101324.999	101324.997	101325.001	0.00188237314	0.0139668823	100	23.5982	0	0	3
84	151	0	1.22684143	101324.998	101324.999	101324.997	101325.001	0.00154969242	0.0139668823	100	23.7611	0	0	3
85	153	0	1.24144669	101324.998	101324.998	101324.997	101325.001	0.00138777679	0.0139668823	100	23.5569	0	0	3
86	155	0	1.25605194	101324.998	101324.998	101324.997	101325.001	0.00146335251	0.0139668823	100	23.2374	0	0	3
87	156	0	1.2706572	101324.998	101324.998	101324.997	101325	0.00153621846	0.0139668823	100	23.2043	0	0	3
88	158	0	1.28526245	101324.998	101324.998	101324.997	101324.999	0.0015790544	0.0139668823	100	23.3143	0	0	3
89	160	0	1.29986771	101324.998	101324.998	101324.997	101324.999	0.00153646874	0.0139668823	100	23.3137	0	0	3
90	161	0	1.31447296	101324.998	101324.998	101324.997	101324.999	0.00153646874	0.0139668823	100	23.5903	0	0	3
91	163	0	1.32907822	101324.998	101324.998	101324.997	101324.999	0.00153646874	0.0139668823	100	23.316	0	0	3
92	165	0	1.34368347	101324.998	101324.998	101324.998	101324.999	0.00139106375	0.0139668823	100	23.7618	0	0	3
93	166	0	1.35828873	101324.998	101324.998	101324.998	101324.999	0.00131910478	0.0139668823	100	23.4514	0	0	3
94	168	0	1.37289398	101324.998	101324.998	101324.998	101324.999	0.0011441416	0.0139668823	100	23.4756	0	0	3
95	170	0	1.38749924	101324.997	101324.998	101324.997	101324.999	0.00107829188	0.0139668823	100	22.6649	0	0	3
96	171	0	1.40210449	101324.999	101324.998	101324.997	101324.999	0.00108596303	0.0139668823	100	22.8974	0	0	3
97	173	0	1.41670975	101324.998	101324.998	101324.997	101324.999	0.00112228155	0.0139668823	100	22.4379	0	0	3
98	175	0	1.431315	101324.998	101324.998	101324.997	101324.999	0.00113931204	0.0139668823	100	22.6452	0	0	3
99	176	0	1.44592026	101324.997	101324.998	101324.997	101324.999	0.00117884662	0.0139668823	100	22.5221	0	0	3
100	178	0	1.46052551	101324.997	101324.998	101324.997	101324.999	0.00121595338	0.0139668823	100	22.6202	0	0	3
101	180	0	1.47513077	101324.997	101324.998	101324.997	101324.999	0.00124924692	0.0139668823	100	22.2199	0	0	3
102	182	0	1.48973602	101324.998	101324.998	101324.997	101324.999	0.00124924692	0.0139668823	100	22.2548	0	0	3
103	183	0	1.50434128	101324.998	101324.998	101324.997	101324.999	0.00125872887	0.0139668823	100	22.0075	0	0	3
104	185	0	1.51894653	101324.998	101324.998	101324.997	101324.999	0.00116577245	0.0139668823	100	22.5013	0	0	3
105	187	0	1.53355179	101324.997	101324.998	101324.997	101324.999	0.0010988085	0.0139668823	100	22.2589	0	0	3
106	188	0	1.54815704	101324.997	101324.998	101324.997	101324.999	0.00109894731	0.0139668823	100	22.5035	0	0	3
107	190	0	1.5627623	101324.997	101324.998	101324.997	101324.999	0.00107878134	0.0139668823	100	22.1285	0	0	3
108	191	0	1.57736755	101324.998	101324.998	101324.997	101324.999	0.000774425571	0.0139668823	100	22.2521	0	0	3
109	193	0	1.59197281	101324.998	101324.998	101324.997	101324.999	0.000784238568	0.0139668823	100	22.2625	0	0	3
110	195	0	1.60657807	101324.997	101324.998	101324.997	101324.999	0.000796747467	0.0139668823	100	22.4057	0	0	3
111	196	0	1.62118332	101324.997	101324.998	101324.997	101324.999	0.00081594626	0.0139668823	100	22.1721	0	0	3
112	198	0	1.63578858	101324.997	101324.998	101324.997	101324.999	0.000845162969	0.0139668823	100	22.4315	0	0	3
113	200	0	1.65039383	101324.997	101324.998	101324.997	101324.999	0.000892460812	0.0139668823	100	22.2133	0	0	3
114	201	0	1.66499909	101324.998	101324.998	101324.997	101324.999	0.000881740605	0.0139668823	100	22.409	0	0	3
115	203	0	1.67960434	101324.997	101324.998	101324.997	101324.999	0.000865682727	0.0139668823	100	22.1055	0	0	3
116	205	0	1.6942096	101324.998	101324.998	101324.997	101324.999	0.000861942724	0.0139668823	100	22.6566	0	0	3
117	206	0	1.70881485	101324.997	101324.998	101324.997	101324.999	0.000866862465	0.0139668823	100	22.5018	0	0	3
118	208	0	1.72342011	101324.997	101324.998	101324.997	101324.999	0.000862488771	0.0139668823	100	22.7192	0	0	3
119	210	0	1.73802536	101324.997	101324.998	101324.997	101324.999	0.000839687156	0.0139668823	100	22.4295	0	0	3
120	211	0	1.75263062	101324.998	101324.998	101324.997	101324.999	0.000764111435	0.0139668823	100	22.3707	0	0	3
121	213	0	1.76723587	101324.998	101324.998	101324.997	101324.999	0.000694545481	0.0139668823	100	22.2207	0	0	3
122	215	0	1.78184113	101324.998	101324.998	101324.997	101324.999	0.0006599177	0.0139668823	100	22.5754	0	0	3
123	216	0	1.79644638	101324.997	101324.998	101324.997	101324.999	0.000672447059	0.0139668823	100	22.4983	0	0	3
124	218	0	1.81105164	101324.997	101324.998	101324.997	101324.999	0.000702607824	0.0139668823	100	22.8016	0	0	3
125	220	0	1.82565689	101324.997	101324.997	101324.997	101324.999	0.000730753629	0.0139668823	100	22.4094	0	0	3
126	222	0	1.84026215	101324.998	101324.997	101324.997	101324.999	0.000744188525	0.0139668823	100	22.2508	0	0	3
127	224	0	1.8548674	101324.997	101324.997	101324.997	101324.999	0.000743996206	0.0139668823	100	22.151	0	0	3
128	225	0	1.86947266	101324.998	101324.997	101324.997	101324.999	0.000722738172	0.0139668823	100	22.5545	0	0	3
129	227	0	1.88407791	101324.997	101324.997	101324.997	101324.999	0.000709745087	0.0139668823	100	22.4919	0	0	3
130	229	0	1.89868317	101324.997	101324.997	101324.997	101324.999	0.000719646254	0.0139668823	100	22.7811	0	0	3
131	230	0	1.91328842	101324.997	101324.997	101324.997	101324.998	0.000737219714	0.0139668823	100	22.4339	0	0	3
132	232	0	1.92789368	101324.998	101324.997	101324.997	101324.998	0.000720189229	0.0139668823	100	22.6116	0	0	3
133	234	0	1.94249893	101324.997	101324.997	101324.997	101324.998	0.000694658214	0.0139668823	100	22.1126	0	0	3
134	235	0	1.95710419	101324.998	101324.997	101324.997	101324.998	0.000657551456	0.0139668823	100	22.4829	0	0	3
135	237	0	1.97170944	101324.997	101324.997	101324.997	101324.998	0.000627429428	0.0139668823	100	22.589	0	0	3
136	238	0	1.9863147	101324.997	101324.997	101324.997	101324.998	0.000641617517	0.0139668823	100	22.4893	0	0	3
137	240	0	2.00091995	101324.997	101324.997	101324.997	101324.998	0.000678971832	0.0139668823	100	22.5975	0	0	3
138	242	0	2.01552521	101324.998	101324.997	101324.997	101324.998	0.000672935072	0.0139668823	100	22.1935	0	0	3
139	243	0	2.03013046	101324.997	101324.997	101324.997	101324.998	0.000665886109	0.0139668823	100	22.1165	0	0	3
140	245	0	2.04473572	101324.997	101324.997	101324.997	101324.998	0.000635036849	0.0139668823	100	22.5845	0	0	3
141	247	0	2.05934097	101324.997	101324.997	101324.997	101324.998	0.000589326344	0.0139668823	100	22.5205	0	0	3
142	248	0	2.07394623	101324.996	101324.997	101324.996	101324.998	0.000601050691	0.0139668823	100	22.8288	0	0	3
143	250	0	2.08855148	101324.996	101324.997	101324.996	101324.998	0.000632321578	0.0139668823	100	22.3664	0	0	3
144	252	0	2.10315674	101324.998	101324.997	101324.996	101324.998	0.000619812679	0.0139668823	100	22.5435	0	0	3
145	253	0	2.11776199	101324.997	101324.997	101324.996	101324.998	0.00060315436	0.0139668823	100	22.1957	0	0	3
146	255	0	2.13236725	101324.997	101324.997	101324.996	101324.998	0.00057596025	0.0139668823	100	22.7001	0	0	3
147	257	0	2.14697251	101324.996	101324.997	101324.996	101324.998	0.000551473146	0.0139668823	100	22.3956	0	0	3
148	258	0	2.16157776	101324.996	101324.997	101324.996	101324.998	0.000566365401	0.0139668823	100	22.7037	0	0	3
149	260	0	2.17618302	101324.996	101324.997	101324.996	101324.998	0.00060945547	0.0139668823	100	22.1827	0	0	3
150	261	0	2.19078827	101324.998	101324.997	101324.996	101324.998	0.00060945547	0.0139668823	100	22.3301	0	0	3
151	263	0	2.20539353	101324.997	101324.997	101324.996	101324.998	0.000587098431	0.0139668823	100	22.0012	0	0	3
152	265	0	2.21999878	101324.997	101324.997	101324.996	101324.998	0.000553996957	0.0139668823	100	22.6061	0	0	3
153	266	0	2.23460404	101324.996	101324.997	101324.996	101324.998	0.000527673474	0.0139668823	100	22.3944	0	0	3
154	268	0	2.24920929	101324.996	101324.997	101324.996	101324.998	0.000544007125	0.0139668823	100	22.564	0	0	3
155	270	0	2.26381455	101324.996	101324.997	101324.996	101324.998	0.000581472166	0.0139668823	100	22.2214	0	0	3
156	271	0	2.2784198	101324.998	101324.997	101324.996	101324.998	0.000573264013	0.0139668823	100	22.4816	0	0	3
157	273	0	2.29302506	101324.997	101324.997	101324.996	101324.998	0.000547767529	0.0139668823	100	22.0717	0	0	3
158	275	0	2.30763031	101324.997	101324.997	101324.996	101324.998	0.000517606764	0.0139668823	100	22.7039	0	0	3
159	276	0	2.32223557	101324.996	101324.997	101324.996	101324.998	0.000489460959	0.0139668823	100	22.3902	0	0	3
160	278	0	2.33684082	101324.996	101324.997	101324.996	101324.998	0.000487892408	0.0139668823	100	22.6965	0	0	3
161	280	0	2.35144608	101324.996	101324.997	101324.996	101324.998	0.000518234796	0.0139668823	100	22.3152	0	0	3
162	281	0	2.36605133	101324.998	101324.997	101324.996	101324.998	0.000518234796	0.0139668823	100	22.4662	0	0	3
163	283	0	2.38065659	101324.997	101324.997	101324.996	101324.998	0.000499719608	0.0139668823	100	22.1484	0	0	3
164	285	0	2.39526184	101324.997	101324.997	101324.996	101324.998	0.000482147298	0.0139668823	100	22.6886	0	0	3
165	286	0	2.4098671	101324.996	101324.997	101324.996	101324.998	0.000433541718	0.0139668823	100	22.396	0	0	3
166	288	0	2.42447235	101324.996	101324.997	101324.996	101324.998	0.000443279641	0.0139668823	100	22.6601	0	0	3
167	290	0	2.43907761	101324.996	101324.997	101324.996	101324.998	0.00048520189	0.0139668823	100	22.1998	0	0	3
168	292	0	2.45368286	101324.998	101324.997	101324.996	101324.998	0.00048520189	0.0139668823	100	22.4015	0	0	3
169	293	0	2.46828812	101324.997	101324.997	101324.996	101324.998	0.000474044908	0.0139668823	100	22.0209	0	0	3
170	295	0	2.48289337	101324.997	101324.997	101324.996	101324.998	0.000459455216	0.0139668823	100	22.6693	0	0	3
171	297	0	2.49749863	101324.996	101324.997	101324.996	101324.998	0.000410902765	0.0139668823	100	22.4098	0	0	3
172	298	0	2.51210388	101324.996	101324.997	101324.996	101324.998	0.000419008808	0.0139668823	100	22.584	0	0	3
173	300	0	2.52670914	101324.996	101324.997	101324.996	101324.998	0.000445936268	0.0139668823	100	22.1115	0	0	3
174	302	0	2.54131439	101324.998	101324.997	101324.996	101324.998	0.000445936268	0.0139668823	100	22.298	0	0	3
175	303	0	2.55591965	101324.997	101324.997	101324.996	101324.998	0.000432795234	0.0139668823	100	22.0665	0	0	3
176	305	0	2.5705249	101324.997	101324.997	101324.996	101324.998	0.00041758141	0.0139668823	100	22.6913	0	0	3
177	306	0	2.58513016	101324.996	101324.997	101324.996	101324.998	0.000376083219	0.0139668823	100	22.4012	0	0	3
178	308	0	2.59973541	101324.996	101324.997	101324.996	101324.998	0.000376083219	0.0139668823	100	22.5976	0	0	3
179	310	0	2.61434067	101324.996	101324.997	101324.996	101324.998	0.000401665326	0.0139668823	100	22.1303	0	0	3
180	311	0	2.62894592	101324.998	101324.997	101324.996	101324.998	0.000399642726	0.0139668823	100	22.2059	0	0	3
181	313	0	2.64355118	101324.997	101324.997	101324.996	101324.998	0.000376831988	0.0139668823	100	21.9833	0	0	3
182	315	0	2.65815643	101324.997	101324.997	101324.996	101324.998	0.000349647307	0.0139668823	100	22.6061	0	0	3
183	316	0	2.67276169	101324.997	101324.997	101324.996	101324.998	0.000313130309	0.0139668823	100	22.4442	0	0	3
184	318	0	2.68736695	101324.996	101324.997	101324.996	101324.998	0.000313130309	0.0139668823	100	22.7081	0	0	3
185	320	0	2.7019722	101324.996	101324.997	101324.996	101324.998	0.000300401691	0.0139668823	100	22.3245	0	0	3
186	321	0	2.71657746	101324.998	101324.997	101324.996	101324.998	0.000300401691	0.0139668823	100	22.49	0	0	3
187	323	0	2.73118271	101324.997	101324.997	101324.996	101324.998	0.000285052971	0.0139668823	100	22.0825	0	0	3
188	325	0	2.74578797	101324.998	101324.997	101324.996	101324.998	0.000268719319	0.0139668823	100	22.6014	0	0	3
189	326	0	2.76039322	101324.997	101324.997	101324.996	101324.998	0.000229199548	0.0139668823	100	22.4107	0	0	3
190	328	0	2.77499848	101324.997	101324.997	101324.996	101324.998	0.000229199548	0.0139668823	100	22.6351	0	0	3
191	330	0	2.78960373	101324.997	101324.997	101324.996	101324.998	0.000224512478	0.0139668823	100	22.1769	0	0	3
192	331	0	2.80420899	101324.998	101324.997	101324.996	101324.998	0.000224512478	0.0139668823	100	22.4107	0	0	3
193	333	0	2.81881424	101324.997	101324.997	101324.996	101324.998	0.000214559681	0.0139668823	100	22.069	0	0	3
194	335	0	2.8334195	101324.998	101324.997	101324.996	101324.998	0.000199532718	0.0139668823	100	22.7005	0	0	3
195	336	0	2.84802475	101324.997	101324.997	101324.996	101324.998	0.000160611118	0.0139668823	100	22.4156	0	0	3
196	338	0	2.86263001	101324.997	101324.997	101324.996	101324.998	0.000160611118	0.0139668823	100	22.7004	0	0	3
197	340	0	2.87723526	101324.997	101324.997	101324.996	101324.998	0.000154551934	0.0139668823	100	22.2311	0	0	3
198	342	0	2.89184052	101324.998	101324.997	101324.996	101324.998	0.000161897289	0.0139668823	100	22.194	0	0	3
199	343	0	2.90644577	101324.998	101324.997	101324.996	101324.998	0.000181936906	0.0139668823	100	22.1234	0	0	3
200	345	0	2.92105103	101324.998	101324.997	101324.996	101324.998	0.000222767543	0.0139668823	100	22.4954	0	0	3
201	347	0	2.93565628	101324.997	101324.997	101324.996	101324.998	0.000246521231	0.0139668823	100	22.4518	0	0	3
202	349	0	2.95026154	101324.997	101324.997	101324.996	101324.998	0.000265692594	0.0139668823	100	22.4868	0	0	3
203	350	0	2.96486679	101324.997	101324.997	101324.996	101324.998	0.000265692594	0.0139668823	100	22.231	0	0	3
204	352	0	2.97947205	101324.999	101324.997	101324.996	101324.999	0.000286881099	0.0139668823	100	22.4623	0	0	3
205	354	0	2.9940773	101324.998	101324.997	101324.996	101324.999	0.000313438242	0.0139668823	100	22.1481	0	0	3
206	356	0	3.00868256	101324.998	101324.997	101324.996	101324.999	0.000365066488	0.0139668823	100	22.793	0	0	3
207	357	0	3.02328781	101324.997	101324.997	101324.996	101324.999	0.000395900264	0.0139668823	100	22.4159	0	0	3
208	359	0	3.03789307	101324.997	101324.997	101324.996	101324.999	0.000419655946	0.0139668823	100	22.6619	0	0	3
209	361	0	3.05249832	101324.997	101324.997	101324.996	101324.999	0.000419655946	0.0139668823	100	22.1581	0	0	3
210	362	0	3.06710358	101324.999	101324.997	101324.996	101324.999	0.000444116289	0.0139668823	100	22.368	0	0	3
211	364	0	3.08170883	101324.998	101324.997	101324.996	101324.999	0.000466183497	0.0139668823	100	22.0309	0	0	3
212	366	0	3.09631409	101324.998	101324.997	101324.996	101324.999	0.00052083937	0.0139668823	100	22.6397	0	0	3
213	367	0	3.11091934	101324.997	101324.997	101324.996	101324.999	0.00055868359	0.0139668823	100	22.3718	0	0	3
214	369	0	3.1255246	101324.997	101324.997	101324.996	101324.999	0.000581299129	0.0139668823	100	22.6452	0	0	3
215	371	0	3.14012985	101324.997	101324.997	101324.996	101324.999	0.000581299129	0.0139668823	100	22.223	0	0	3
216	372	0	3.15473511	101324.999	101324.997	101324.996	101324.999	0.000617532525	0.0139668823	100	22.4905	0	0	3
217	374	0	3.16934036	101324.998	101324.997	101324.996	101324.999	0.000640481681	0.0139668823	100	22.0541	0	0	3
218	376	0	3.18394562	101324.998	101324.997	101324.996	101324.999	0.000691992944	0.0139668823	100	22.7103	0	0	3
219	378	0	3.19855088	101324.998	101324.998	101324.996	101324.999	0.00072160385	0.0139668823	100	22.4519	0	0	3
220	379	0	3.21315613	101324.997	101324.998	101324.997	101324.999	0.000736612215	0.0139668823	100	22.6045	0	0	3
221	381	0	3.22776139	101324.997	101324.998	101324.997	101324.999	0.000736612215	0.0139668823	100	22.2786	0	0	3
222	383	0	3.24236664	101324.999	101324.998	101324.997	101324.999	0.000754594323	0.0139668823	100	22.4737	0	0	3
223	384	0	3.2569719	101324.998	101324.998	101324.997	101324.999	0.000777041394	0.0139668823	100	22.1629	0	0	3
224	386	0	3.27157715	101324.998	101324.998	101324.997	101324.999	0.000825804862	0.0139668823	100	22.6425	0	0	3
225	388	0	3.28618241	101324.997	101324.998	101324.997	101324.999	0.000850552809	0.0139668823	100	22.4575	0	0	3
226	389	0	3.30078766	101324.997	101324.998	101324.997	101324.999	0.000844203765	0.0139668823	100	22.7161	0	0	3
227	391	0	3.31539292	101324.998	101324.998	101324.997	101324.999	0.000835909217	0.0139668823	100	22.2614	0	0	3
228	392	0	3.32999817	101324.999	101324.998	101324.997	101324.999	0.000833077691	0.0139668823	100	22.1685	0	0	3
229	394	0	3.34460343	101324.998	101324.998	101324.997	101324.999	0.00084885105	0.0139668823	100	22.0722	0	0	3
230	396	0	3.35920868	101324.998	101324.998	101324.997	101324.999	0.000895605335	0.0139668823	100	22.4128	0	0	3
231	397	0	3.37381394	101324.998	101324.998	101324.997	101324.999	0.000921102721	0.0139668823	100	22.3553	0	0	3
232	399	0	3.38841919	101324.998	101324.998	101324.997	101324.999	0.000899648105	0.0139668823	100	22.6091	0	0	3
233	401	0	3.40302445	101324.998	101324.998	101324.997	101324.999	0.000879608488	0.0139668823	100	22.2464	0	0	3
234	402	0	3.4176297	101324.999	101324.998	101324.997	101324.999	0.000846023628	0.0139668823	100	22.4319	0	0	3
235	404	0	3.43223496	101324.998	101324.998	101324.997	101324.999	0.000841068089	0.0139668823	100	22.0301	0	0	3
236	406	0	3.44684021	101324.999	101324.998	101324.997	101324.999	0.000885956179	0.0139668823	100	22.5889	0	0	3
237	407	0	3.46144547	101324.998	101324.998	101324.997	101324.999	0.000907941081	0.0139668823	100	22.3486	0	0	3
238	409	0	3.47605072	101324.998	101324.998	101324.997	101324.999	0.000882488559	0.0139668823	100	22.5581	0	0	3
239	411	0	3.49065598	101324.998	101324.998	101324.997	101324.999	0.000855931416	0.0139668823	100	22.1536	0	0	3
240	412	0	3.50526123	101324.999	101324.998	101324.997	101324.999	0.000806572134	0.0139668823	100	22.4178	0	0	3
241	414	0	3.51986649	101324.998	101324.998	101324.997	101324.999	0.000785142576	0.0139668823	100	22.0668	0	0	3
242	415	0	3.53447174	101324.999	101324.998	101324.997	101324.999	0.000818066386	0.0139668823	100	22.7312	0	0	3
243	417	0	3.549077	101324.998	101324.998	101324.997	101324.999	0.000833245998	0.0139668823	100	22.3938	0	0	3
244	419	0	3.56368225	101324.998	101324.998	101324.997	101324.999	0.000804370531	0.0139668823	100	22.6399	0	0	3
245	421	0	3.57828751	101324.998	101324.998	101324.997	101324.999	0.000782303323	0.0139668823	100	22.1951	0	0	3
246	422	0	3.59289276	101324.999	101324.998	101324.997	101324.999	0.000733077337	0.0139668823	100	22.3378	0	0	3
247	424	0	3.60749802	101324.999	101324.998	101324.997	101324.999	0.000703865997	0.0139668823	100	22.0327	0	0	3
248	426	0	3.62210327	101324.999	101324.998	101324.997	101324.999	0.000714465117	0.0139668823	100	22.7294	0	0	3
249	427	0	3.63670853	101324.998	101324.998	101324.997	101324.999	0.000723025209	0.0139668823	100	22.4228	0	0	3
250	429	0	3.65131378	101324.997	101324.998	101324.997	101324.999	0.000676377051	0.0139668823	100	22.5593	0	0	3
251	431	0	3.66591904	101324.998	101324.998	101324.997	101324.999	0.000653427895	0.0139668823	100	22.138	0	0	3
252	432	0	3.68052429	101324.998	101324.998	101324.997	101324.999	0.000601916632	0.0139668823	100	22.5958	0	0	3
253	434	0	3.69512955	101324.998	101324.998	101324.997	101324.999	0.000572305726	0.0139668823	100	22.1764	0	0	3
254	435	0	3.7097348	101324.998	101324.998	101324.997	101324.999	0.000555228995	0.0139668823	100	22.3908	0	0	3
255	437	0	3.72434006	101324.998	101324.998	101324.997	101324.999	0.000572887497	0.0139668823	100	22.153	0	0	3
256	439	0	3.73894532	101324.998	101324.998	101324.997	101324.999	0.000542627982	0.0139668823	100	22.4641	0	0	3
257	440	0	3.75355057	101324.998	101324.998	101324.997	101324.999	0.000520180911	0.0139668823	100	22.2161	0	0	3
258	442	0	3.76815583	101324.998	101324.998	101324.997	101324.999	0.000471417443	0.0139668823	100	22.5074	0	0	3
259	444	0	3.78276108	101324.998	101324.998	101324.997	101324.999	0.000446669495	0.0139668823	100	22.3653	0	0	3
260	445	0	3.79736634	101324.998	101324.998	101324.997	101324.999	0.000438755204	0.0139668823	100	22.7453	0	0	3
261	447	0	3.81197159	101324.998	101324.998	101324.997	101324.999	0.000458270908	0.0139668823	100	22.4052	0	0	3
262	449	0	3.82657685	101324.999	101324.998	101324.997	101324.999	0.000446751757	0.0139668823	100	22.9299	0	0	3
263	450	0	3.8411821	101324.998	101324.998	101324.997	101324.999	0.000424272774	0.0139668823	100	22.9819	0	0	3
264	452	0	3.85578736	101324.998	101324.998	101324.997	101324.999	0.000377518489	0.0139668823	100	22.9693	0	0	3
265	454	0	3.87039261	101324.998	101324.998	101324.997	101324.999	0.000360472215	0.0139668823	100	22.4313	0	0	3
266	455	0	3.88499787	101324.998	101324.998	101324.997	101324.999	0.000360472215	0.0139668823	100	22.498	0	0	3
267	457	0	3.89960312	101324.998	101324.998	101324.997	101324.999	0.000360472215	0.0139668823	100	22.2954	0	0	3
268	458	0	3.91420838	101324.998	101324.998	101324.997	101324.999	0.000340385785	0.0139668823	100	22.5438	0	0	3
269	460	0	3.92881363	101324.998	101324.998	101324.997	101324.999	0.00032325105	0.0139668823	100	22.2302	0	0	3
270	462	0	3.94341889	101324.999	101324.998	101324.997	101324.999	0.000278362961	0.0139668823	100	22.4781	0	0	3
271	463	0	3.95802414	101324.998	101324.998	101324.997	101324.999	0.000266028699	0.0139668823	100	22.3253	0	0	3
272	465	0	3.9726294	101324.998	101324.998	101324.997	101324.999	0.000266028699	0.0139668823	100	22.6589	0	0	3
273	466	0	3.98723465	101324.998	101324.998	101324.997	101324.999	0.000278155421	0.0139668823	100	22.3331	0	0	3
274	468	0	4.00183991	101324.998	101324.998	101324.997	101324.999	0.000266842879	0.0139668823	100	22.6389	0	0	3
