Iteration	CPUTime	PhysTime	Travels	Value	AvValue	MinValue	MaxValue	Delta	Criteria	Progress	dGMaxMin	CriteriaType	CriteriaVarType	CriteriaPercentage
1	5	0	0.0146052551	293.200001	293.200001	293.200001	293.200001	0	0	0	0.0100697	0	0	3
2	7	0	0.0292105103	293.200001	293.200001	293.200001	293.200001	1.05322101e-007	0	0	0.012744	0	0	3
3	9	0	0.0438157654	293.200001	293.200001	293.200001	293.200001	1.59569197e-007	0	0	0.0134034	0	0	3
4	11	0	0.0584210205	293.200001	293.200001	293.200001	293.200001	2.07481776e-007	0	0	0.0138351	0	0	3
5	13	0	0.0730262757	293.200001	293.200001	293.200001	293.200001	2.34789297e-007	0	0	0.014957	0	0	3
6	15	0	0.0876315308	293.200001	293.200001	293.200001	293.200001	2.45001445e-007	0	0	0.0145169	0	0	3
7	17	0	0.102236786	293.200001	293.200001	293.200001	293.200001	2.48087133e-007	0	0	0.0134347	0	0	3
8	20	0	0.116842041	293.200001	293.200001	293.200001	293.200001	2.52027633e-007	0	0	0.0137663	0	0	3
9	22	0	0.131447296	293.200001	293.200001	293.200001	293.200001	2.63638412e-007	0	0	0.0133406	0	0	3
10	24	0	0.146052551	293.200001	293.200001	293.200001	293.200001	2.87046987e-007	0	0	0.0124575	0	0	3
11	26	0	0.160657807	293.200001	293.200001	293.200001	293.200001	3.3816292e-007	0	0	0.0113002	0	0	3
12	28	0	0.175263062	293.200002	293.200001	293.200001	293.200002	4.21876166e-007	0	0	0.0106115	0	0	3
13	30	0	0.189868317	293.200003	293.200001	293.200001	293.200003	5.41795259e-007	0	0	0.0103996	0	0	3
14	31	0	0.204473572	293.200003	293.200001	293.200001	293.200003	7.01623264e-007	0	0	0.0100907	0	0	3
15	33	0	0.219078827	293.200004	293.200002	293.200001	293.200004	9.03121702e-007	0	0	0.0101076	0	0	3
16	35	0	0.233684082	293.200006	293.200002	293.200001	293.200006	1.1877147e-006	0	0	0.00962964	0	0	3
17	36	0	0.248289337	293.200008	293.200002	293.200001	293.200008	1.55638236e-006	0	0	0.0102972	0	0	3
18	38	0	0.262894592	293.20001	293.200003	293.200001	293.20001	2.0090726e-006	0	0	0.0109544	0	0	3
19	40	0	0.277499848	293.200013	293.200003	293.200001	293.200013	2.54313767e-006	0	0	0.00965908	0	0	3
20	41	0	0.292105103	293.200016	293.200004	293.200001	293.200016	3.1609988e-006	0	0	0.00980377	0	0	3
21	43	0	0.306710358	293.20002	293.200005	293.200001	293.20002	3.94163061e-006	0	0	0.0100682	0	0	3
22	45	0	0.321315613	293.200026	293.200006	293.200001	293.200026	4.8971317e-006	0	0	0.0107128	0	0	3
23	47	0	0.335920868	293.200032	293.200007	293.200001	293.200032	6.04193792e-006	0	0	0.0106255	0	0	3
24	48	0	0.350526123	293.200038	293.200008	293.200001	293.200038	7.36521173e-006	0	0	0.010987	0	0	3
25	50	0	0.365131378	293.200045	293.200009	293.200001	293.200045	8.85827006e-006	0	0	0.0106371	0	0	3
26	52	0	0.379736634	293.200056	293.200011	293.200001	293.200056	1.06473387e-005	0	0	0.0108171	0	0	3
27	53	0	0.394341889	293.200067	293.200013	293.200001	293.200067	1.27130208e-005	0	0	0.0118916	0	0	3
28	55	0	0.408947144	293.200078	293.200016	293.200001	293.200078	1.50187538e-005	0	0	0.0117092	0	0	3
29	57	0	0.423552399	293.200089	293.200018	293.200001	293.200089	1.75510733e-005	0	0	0.0118631	0	0	3
30	58	0	0.438157654	293.2001	293.200021	293.200001	293.2001	2.02812639e-005	0	0	0.01113	0	0	3
31	60	0	0.452762909	293.200117	293.200024	293.200001	293.200117	2.33764896e-005	0	0	0.0107433	0	0	3
32	62	0	0.467368164	293.200133	293.200027	293.200001	293.200133	2.67944394e-005	0	0	0.0110046	0	0	3
33	63	0	0.48197342	293.200149	293.200031	293.200001	293.200149	3.04887402e-005	0	0	0.0114759	0	0	3
34	65	0	0.496578675	293.200166	293.200035	293.200001	293.200166	3.44483298e-005	0	0	0.0110365	0	0	3
35	67	0	0.51118393	293.200183	293.200039	293.200001	293.200183	3.86774474e-005	0	0	0.0116469	0	0	3
36	68	0	0.525789185	293.200212	293.200045	293.200001	293.200212	4.46163173e-005	0	0	0.0119473	0	0	3
37	70	0	0.54039444	293.200241	293.200052	293.200001	293.200241	5.14196994e-005	0	0	0.0122265	0	0	3
38	72	0	0.554999695	293.20027	293.20006	293.200001	293.20027	5.90626203e-005	0	0	0.012478	0	0	3
39	74	0	0.56960495	293.200302	293.200069	293.200001	293.200302	6.76449308e-005	0	0	0.0128958	0	0	3
40	75	0	0.584210205	293.200335	293.200078	293.200001	293.200335	7.71647463e-005	0	0	0.013335	0	0	3
41	77	0	0.598815461	293.20038	293.200089	293.200001	293.20038	8.79789439e-005	0	0	0.0138674	0	0	3
42	79	0	0.613420716	293.200425	293.200101	293.200001	293.200425	0.00010009431	0	0	0.0145286	0	0	3
43	80	0	0.628025971	293.20047	293.200114	293.200001	293.20047	0.000113495754	0	0	0.0151393	0	0	3
44	82	0	0.642631226	293.200515	293.200129	293.200001	293.200515	0.000128156483	0	0	0.0156233	0	0	3
45	84	0	0.657236481	293.200561	293.200145	293.200001	293.200561	0.000144095154	0	0	0.0162466	0	0	3
46	85	0	0.671841736	293.200608	293.200162	293.200002	293.200608	0.000161337131	0	0	0.0167529	0	0	3
47	87	0	0.686446991	293.200652	293.200181	293.200003	293.200652	0.00017979649	0	0	0.0171599	0	0	3
48	90	0	0.701052247	293.200696	293.200201	293.200003	293.200696	0.000199456785	0	0	0.0174744	0	0	3
49	92	0	0.715657502	293.20074	293.200222	293.200004	293.20074	0.000220308892	0	0	0.0178242	0	0	3
50	94	0	0.730262757	293.200787	293.200244	293.200006	293.200787	0.000242379838	0	0	0.0180536	0	0	3
51	96	0	0.744868012	293.200835	293.200268	293.200008	293.200835	0.000265687121	0	0	0.0183071	0	0	3
52	97	0	0.759473267	293.200886	293.200293	293.20001	293.200886	0.000290317125	0	0	0.0185444	0	0	3
53	99	0	0.774078522	293.200938	293.200319	293.200013	293.200938	0.000316280114	0	0	0.0188755	0	0	3
54	101	0	0.788683777	293.200991	293.200347	293.200016	293.200991	0.000343610867	0	0	0.0190963	0	0	3
55	103	0	0.803289033	293.201044	293.200377	293.20002	293.201044	0.000372227114	0	0	0.0195333	0	0	3
56	104	0	0.817894288	293.201099	293.200408	293.200026	293.201099	0.000402082987	0	0	0.0197501	0	0	3
57	106	0	0.832499543	293.201152	293.20044	293.200032	293.201152	0.000433129942	0	0	0.0198336	0	0	3
58	108	0	0.847104798	293.201207	293.200473	293.200038	293.201207	0.000465379202	0	0	0.0200226	0	0	3
59	109	0	0.861710053	293.201263	293.200508	293.200045	293.201263	0.00049887207	0	0	0.0201333	0	0	3
60	111	0	0.876315308	293.20132	293.200545	293.200056	293.20132	0.000533516019	0	0	0.020326	0	0	3
61	113	0	0.890920563	293.20138	293.200583	293.200067	293.20138	0.000569265063	0	0	0.0204504	0	0	3
62	114	0	0.905525819	293.20144	293.200622	293.200078	293.20144	0.000606190585	0	0	0.0205578	0	0	3
63	116	0	0.920131074	293.201502	293.200663	293.200089	293.201502	0.000644335923	0	0	0.020615	0	0	3
64	118	0	0.934736329	293.201564	293.200705	293.2001	293.201564	0.000683740318	0	0	0.0206645	0	0	3
65	120	0	0.949341584	293.201626	293.200748	293.200117	293.201626	0.000724252533	0	0	0.0206682	0	0	3
66	121	0	0.963946839	293.201689	293.200793	293.200133	293.201689	0.000765751517	0	0	0.0207005	0	0	3
67	123	0	0.978552094	293.201752	293.200839	293.200149	293.201752	0.000808290736	0	0	0.0206652	0	0	3
68	125	0	0.993157349	293.201814	293.200887	293.200166	293.201814	0.000851892144	0	0	0.0206571	0	0	3
69	126	0	1.0077626	293.201877	293.200936	293.200183	293.201877	0.000896547188	5.62738154e-005	6.2	0.0204802	0	0	3
70	128	0	1.02236786	293.20194	293.200986	293.200212	293.20194	0.000940692919	5.81654451e-005	6.1	0.0205535	0	0	3
71	130	0	1.03697311	293.202003	293.201037	293.200241	293.202003	0.000984994691	5.911061e-005	6	0.0205391	0	0	3
72	131	0	1.05157837	293.202067	293.201089	293.20027	293.202067	0.00102946533	6.0063198e-005	5.8	0.0204017	0	0	3
73	133	0	1.06618363	293.20213	293.201143	293.200302	293.20213	0.00107400461	6.10178394e-005	5.6	0.0203418	0	0	3
74	134	0	1.08078888	293.202194	293.201197	293.200335	293.202194	0.00111852244	6.19728488e-005	5.5	0.0203093	0	0	3
75	136	0	1.09539414	293.202257	293.201252	293.20038	293.202257	0.00116264686	6.29269809e-005	5.4	0.0202214	0	0	3
76	138	0	1.10999939	293.202321	293.201307	293.200425	293.202321	0.00120599216	6.38797665e-005	5.2	0.0201451	0	0	3
77	139	0	1.12460465	293.202384	293.201363	293.20047	293.202384	0.00124855776	6.48323161e-005	5.1	0.0200138	0	0	3
78	141	0	1.1392099	293.202449	293.201419	293.200515	293.202449	0.00129039718	6.578727e-005	5	0.0199471	0	0	3
79	143	0	1.15381516	293.202514	293.201477	293.200561	293.202514	0.00133151477	6.67451733e-005	5	0.0198661	0	0	3
80	144	0	1.16842041	293.202578	293.201534	293.200608	293.202578	0.00137181623	6.77021966e-005	4.9	0.0198846	0	0	3
81	146	0	1.18302567	293.202641	293.201592	293.200652	293.202641	0.00141132166	6.86559283e-005	4.8	0.0198402	0	0	3
82	148	0	1.19763092	293.202704	293.201651	293.200696	293.202704	0.00145012593	6.96070687e-005	4.8	0.019672	0	0	3
83	150	0	1.21223618	293.202767	293.20171	293.20074	293.202767	0.00148824386	7.05557743e-005	4.7	0.0196305	0	0	3
84	151	0	1.22684143	293.20283	293.20177	293.200787	293.20283	0.00152559698	7.15000599e-005	4.6	0.0196005	0	0	3
85	153	0	1.24144669	293.202892	293.20183	293.200835	293.202892	0.00156206777	7.24385227e-005	4.6	0.0194451	0	0	3
86	155	0	1.25605194	293.202953	293.20189	293.200886	293.202953	0.001597517	7.33710113e-005	4.5	0.019397	0	0	3
87	156	0	1.2706572	293.203014	293.201951	293.200938	293.203014	0.00163182007	7.42968393e-005	4.5	0.0192533	0	0	3
88	158	0	1.28526245	293.203074	293.202012	293.200991	293.203074	0.00166489911	7.52151678e-005	4.5	0.0191268	0	0	3
89	160	0	1.29986771	293.203133	293.202074	293.201044	293.203133	0.00169669894	7.61234421e-005	4.4	0.0190357	0	0	3
90	161	0	1.31447296	293.203191	293.202135	293.201099	293.203191	0.0017272125	7.70202318e-005	4.4	0.0189983	0	0	3
91	163	0	1.32907822	293.203248	293.202196	293.201152	293.203248	0.00175643656	7.79051465e-005	4.4	0.0188874	0	0	3
92	165	0	1.34368347	293.203305	293.202258	293.201207	293.203305	0.00178436402	7.87784536e-005	4.4	0.0187615	0	0	3
93	166	0	1.35828873	293.20336	293.202319	293.201263	293.20336	0.00181089514	7.96393573e-005	4.3	0.0187298	0	0	3
94	168	0	1.37289398	293.203414	293.202381	293.20132	293.203414	0.00183591315	8.04830468e-005	4.3	0.018624	0	0	3
95	170	0	1.38749924	293.203466	293.202442	293.20138	293.203466	0.0018594	8.13094468e-005	4.3	0.0186321	0	0	3
96	171	0	1.40210449	293.203518	293.202503	293.20144	293.203518	0.00188125703	8.21198811e-005	4.3	0.0184825	0	0	3
97	173	0	1.41670975	293.203568	293.202564	293.201502	293.203568	0.00190136317	8.29139837e-005	4.3	0.0184562	0	0	3
98	175	0	1.431315	293.203617	293.202624	293.201564	293.203617	0.00191965736	8.36926827e-005	4.3	0.018436	0	0	3
99	176	0	1.44592026	293.203664	293.202684	293.201626	293.203664	0.00193604354	8.44496365e-005	4.3	0.0183172	0	0	3
100	178	0	1.46052551	293.203708	293.202744	293.201689	293.203708	0.00195061624	8.51852323e-005	4.3	0.0181818	0	0	3
101	180	0	1.47513077	293.203751	293.202803	293.201752	293.203751	0.00196330872	8.59000966e-005	4.3	0.0180337	0	0	3
102	182	0	1.48973602	293.203793	293.202861	293.201814	293.203793	0.00197407551	8.65945922e-005	4.3	0.0177748	0	0	3
103	183	0	1.50434128	293.203833	293.202919	293.201877	293.203833	0.00195618611	8.72680858e-005	4.4	0.017749	0	0	3
104	185	0	1.51894653	293.203871	293.202976	293.20194	293.203871	0.00193155167	8.79111002e-005	4.5	0.0176478	0	0	3
105	187	0	1.53355179	293.203907	293.203032	293.202003	293.203907	0.00190453118	8.8524483e-005	4.6	0.0175358	0	0	3
106	188	0	1.54815704	293.203941	293.203087	293.202067	293.203941	0.00187443485	8.91083078e-005	4.7	0.0174166	0	0	3
107	190	0	1.5627623	293.203972	293.203142	293.20213	293.203972	0.00184192627	8.96606395e-005	4.8	0.0172859	0	0	3
108	191	0	1.57736755	293.204002	293.203195	293.202194	293.204002	0.00180787561	9.01826822e-005	4.9	0.0170371	0	0	3
109	193	0	1.59197281	293.20403	293.203248	293.202257	293.20403	0.0017721819	9.06657168e-005	5.1	0.0169972	0	0	3
110	195	0	1.60657807	293.204055	293.203299	293.202321	293.204055	0.00173463041	9.11107118e-005	5.2	0.0169513	0	0	3
111	196	0	1.62118332	293.204079	293.203349	293.202384	293.204079	0.00169475974	9.15190652e-005	5.4	0.0168345	0	0	3
112	198	0	1.63578858	293.204101	293.203398	293.202449	293.204101	0.00165192804	9.18923575e-005	5.5	0.0167836	0	0	3
113	200	0	1.65039383	293.20412	293.203446	293.202514	293.20412	0.00160656995	9.22308192e-005	5.7	0.0167143	0	0	3
114	201	0	1.66499909	293.204138	293.203493	293.202578	293.204138	0.001560605	9.25348767e-005	5.9	0.0165461	0	0	3
115	203	0	1.67960434	293.204154	293.203538	293.202641	293.204154	0.0015136186	9.28073019e-005	6.1	0.0165446	0	0	3
116	205	0	1.6942096	293.204169	293.203581	293.202704	293.204169	0.00146495427	9.30493212e-005	6.3	0.016491	0	0	3
117	206	0	1.70881485	293.204182	293.203623	293.202767	293.204182	0.00141426626	9.3261606e-005	6.5	0.0164395	0	0	3
118	208	0	1.72342011	293.204192	293.203664	293.20283	293.204192	0.00136208587	9.34432323e-005	6.8	0.0163953	0	0	3
119	210	0	1.73802536	293.204201	293.203703	293.202892	293.204201	0.00130896758	9.35940616e-005	7.1	0.0163366	0	0	3
120	211	0	1.75263062	293.204208	293.203741	293.202953	293.204208	0.00125498103	9.37132157e-005	7.4	0.0161964	0	0	3
121	213	0	1.76723587	293.204214	293.203777	293.203014	293.204214	0.00120032152	9.38013693e-005	7.8	0.0162096	0	0	3
122	215	0	1.78184113	293.204219	293.203811	293.203074	293.204219	0.00114522991	9.3858669e-005	8.1	0.0161685	0	0	3
123	216	0	1.79644638	293.204222	293.203844	293.203133	293.204222	0.00108878381	9.38856763e-005	8.6	0.0161041	0	0	3
124	218	0	1.81105164	293.204223	293.203875	293.203191	293.204223	0.00103186335	9.38827046e-005	9	0.0160383	0	0	3
125	220	0	1.82565689	293.204222	293.203905	293.203248	293.204223	0.000974520634	9.38510595e-005	9.6	0.0159729	0	0	3
126	222	0	1.84026215	293.20422	293.203933	293.203305	293.204223	0.000917852759	9.3791792e-005	10.2	0.0158062	0	0	3
127	224	0	1.8548674	293.204217	293.203959	293.20336	293.204223	0.000862663807	9.37055813e-005	10.8	0.0158288	0	0	3
128	225	0	1.86947266	293.204213	293.203983	293.203414	293.204223	0.000808932996	9.35930356e-005	11.5	0.0158062	0	0	3
129	227	0	1.88407791	293.204208	293.204006	293.203466	293.204223	0.000756624556	9.34547204e-005	12.3	0.0157516	0	0	3
130	229	0	1.89868317	293.2042	293.204027	293.203518	293.204223	0.000705047572	9.32911244e-005	13.2	0.0157076	0	0	3
131	230	0	1.91328842	293.204191	293.204046	293.203568	293.204223	0.00065507907	9.31030589e-005	14.2	0.0156396	0	0	3
132	232	0	1.92789368	293.204182	293.204063	293.203617	293.204223	0.000606028247	9.28913565e-005	15.3	0.0154885	0	0	3
133	234	0	1.94249893	293.204171	293.204079	293.203664	293.204223	0.000559083701	9.26569492e-005	16.5	0.0155059	0	0	3
134	235	0	1.95710419	293.204159	293.204093	293.203708	293.204223	0.000514172467	9.24008581e-005	17.9	0.0154814	0	0	3
135	237	0	1.97170944	293.204146	293.204106	293.203751	293.204223	0.000471290784	9.21240737e-005	19.5	0.0154487	0	0	3
136	238	0	1.9863147	293.204132	293.204117	293.203793	293.204223	0.000429630397	9.18276034e-005	21.3	0.0154124	0	0	3
137	240	0	2.00091995	293.204116	293.204126	293.203833	293.204223	0.00038978032	9.15121827e-005	23.4	0.0153405	0	0	3
138	242	0	2.01552521	293.204099	293.204134	293.203871	293.204223	0.000351360431	9.11784897e-005	25.9	0.015203	0	0	3
139	243	0	2.03013046	293.204082	293.20414	293.203907	293.204223	0.000315369934	9.0827326e-005	28.8	0.0151949	0	0	3
140	245	0	2.04473572	293.204064	293.204144	293.203941	293.204223	0.000281712955	9.04591163e-005	32.1	0.0152031	0	0	3
141	247	0	2.05934097	293.204044	293.204147	293.203972	293.204223	0.000250441879	9.00745597e-005	35.9	0.0151273	0	0	3
142	248	0	2.07394623	293.204023	293.204149	293.204002	293.204223	0.00022078845	8.96743592e-005	40.6	0.015073	0	0	3
143	250	0	2.08855148	293.204001	293.204149	293.204001	293.204223	0.00022136727	8.9259235e-005	40.3	0.0150044	0	0	3
144	252	0	2.10315674	293.203979	293.204147	293.203979	293.204223	0.000243900371	8.88298577e-005	36.4	0.0148526	0	0	3
145	253	0	2.11776199	293.203955	293.204144	293.203955	293.204223	0.0002673521	8.8386701e-005	33	0.0148778	0	0	3
146	255	0	2.13236725	293.203931	293.20414	293.203931	293.204223	0.000291452407	8.79299772e-005	30.1	0.0148733	0	0	3
147	257	0	2.14697251	293.203906	293.204134	293.203906	293.204223	0.000316709449	8.7459965e-005	27.6	0.0148204	0	0	3
148	258	0	2.16157776	293.20388	293.204128	293.20388	293.204223	0.000342970084	8.69775363e-005	25.3	0.0147787	0	0	3
149	260	0	2.17618302	293.203852	293.204119	293.203852	293.204223	0.000370182982	8.64834971e-005	23.3	0.0147228	0	0	3
150	261	0	2.19078827	293.203825	293.20411	293.203825	293.204223	0.000397946867	8.59782277e-005	21.6	0.0145637	0	0	3
151	263	0	2.20539353	293.203796	293.204099	293.203796	293.204223	0.000426498395	8.54621534e-005	20	0.0145907	0	0	3
152	265	0	2.21999878	293.203767	293.204087	293.203767	293.204223	0.000455516146	8.49358268e-005	18.6	0.0145913	0	0	3
153	266	0	2.23460404	293.203737	293.204074	293.203737	293.204223	0.000445218791	8.43999442e-005	18.9	0.0145464	0	0	3
154	268	0	2.24920929	293.203706	293.20406	293.203706	293.204223	0.00040760709	8.385499e-005	20.5	0.0145026	0	0	3
155	270	0	2.26381455	293.203675	293.204045	293.203675	293.204223	0.000371580157	8.33015622e-005	22.4	0.0144444	0	0	3
156	271	0	2.2784198	293.203642	293.204029	293.203642	293.204223	0.000337153126	8.27402651e-005	24.5	0.0142818	0	0	3
157	273	0	2.29302506	293.20361	293.204011	293.20361	293.204223	0.000304354361	8.21715522e-005	26.9	0.0142964	0	0	3
158	275	0	2.30763031	293.203576	293.203993	293.203576	293.204223	0.00027321767	8.15960954e-005	29.8	0.0142871	0	0	3
159	276	0	2.32223557	293.203542	293.203973	293.203542	293.204222	0.000243752215	8.10143123e-005	33.2	0.0142566	0	0	3
160	278	0	2.33684082	293.203508	293.203953	293.203508	293.20422	0.000215972962	8.0426634e-005	37.2	0.0142242	0	0	3
161	280	0	2.35144608	293.203472	293.203932	293.203472	293.204217	0.000216885089	7.98337349e-005	36.8	0.0141673	0	0	3
162	281	0	2.36605133	293.203436	293.203909	293.203436	293.204213	0.000239201989	7.92362537e-005	33.1	0.014026	0	0	3
163	283	0	2.38065659	293.2034	293.203886	293.2034	293.204208	0.000262439816	7.86558941e-005	29.9	0.0140539	0	0	3
164	285	0	2.39526184	293.203363	293.203862	293.203363	293.2042	0.000286560196	7.80993194e-005	27.2	0.014055	0	0	3
165	286	0	2.4098671	293.203326	293.203837	293.203326	293.204191	0.000311534039	7.75659557e-005	24.8	0.0140193	0	0	3
166	288	0	2.42447235	293.203288	293.203811	293.203288	293.204182	0.000337336232	7.70552661e-005	22.8	0.0139927	0	0	3
167	290	0	2.43907761	293.20325	293.203785	293.20325	293.204171	0.00036395623	7.65667344e-005	21	0.0139522	0	0	3
168	292	0	2.45368286	293.203212	293.203757	293.203212	293.204159	0.000391364572	7.60997303e-005	19.4	0.0138188	0	0	3
169	293	0	2.46828812	293.203173	293.203729	293.203173	293.204146	0.000419545619	7.56537062e-005	18	0.0138549	0	0	3
170	295	0	2.48289337	293.203134	293.2037	293.203134	293.204132	0.000448461831	7.52280622e-005	16.7	0.0139114	0	0	3
171	297	0	2.49749863	293.203095	293.20367	293.203095	293.204116	0.000478088178	7.482232e-005	15.6	0.0138769	0	0	3
172	298	0	2.51210388	293.203055	293.20364	293.203055	293.204099	0.000508401967	7.44360215e-005	14.6	0.0138335	0	0	3
173	300	0	2.52670914	293.203015	293.203609	293.203015	293.204082	0.000539390961	7.40687163e-005	13.7	0.0137789	0	0	3
174	302	0	2.54131439	293.202975	293.203578	293.202975	293.204064	0.000571025732	7.37198863e-005	12.9	0.0136395	0	0	3
175	303	0	2.55591965	293.202934	293.203545	293.202934	293.204044	0.000603291785	7.33890742e-005	12.1	0.0136779	0	0	3
176	305	0	2.5705249	293.202894	293.203512	293.202894	293.204023	0.000636150685	7.30757497e-005	11.4	0.0137325	0	0	3
177	306	0	2.58513016	293.202853	293.203479	293.202853	293.204001	0.000669556689	7.27794754e-005	10.8	0.0136911	0	0	3
178	308	0	2.59973541	293.202813	293.203445	293.202813	293.203979	0.000702062916	7.24998458e-005	10.3	0.0136541	0	0	3
179	310	0	2.61434067	293.202772	293.203411	293.202772	293.203955	0.000733690278	7.2236477e-005	9.8	0.0136164	0	0	3
180	311	0	2.62894592	293.202731	293.203376	293.202731	293.203931	0.000764447574	7.19888704e-005	9.4	0.0134851	0	0	3
181	313	0	2.64355118	293.20269	293.20334	293.20269	293.203906	0.00079434731	7.17566345e-005	9	0.0135327	0	0	3
182	315	0	2.65815643	293.202649	293.203304	293.202649	293.20388	0.00082337518	7.1539299e-005	8.6	0.0135912	0	0	3
183	316	0	2.67276169	293.202609	293.203268	293.202609	293.203852	0.000851520834	7.13364769e-005	8.3	0.0135638	0	0	3
184	318	0	2.68736695	293.202568	293.203231	293.202568	293.203825	0.000878795731	7.11477831e-005	8	0.0135232	0	0	3
185	320	0	2.7019722	293.202527	293.203194	293.202527	293.203796	0.000905209165	7.09728835e-005	7.8	0.013482	0	0	3
186	321	0	2.71657746	293.202487	293.203157	293.202487	293.203767	0.000930773912	7.08113312e-005	7.6	0.0133504	0	0	3
187	323	0	2.73118271	293.202447	293.203119	293.202447	293.203737	0.000955501804	7.06627569e-005	7.3	0.0134295	0	0	3
188	325	0	2.74578797	293.202407	293.203081	293.202407	293.203706	0.000979379969	7.0526718e-005	7.2	0.0134729	0	0	3
189	326	0	2.76039322	293.202367	293.203043	293.202367	293.203675	0.00100238911	7.04028661e-005	7	0.0134684	0	0	3
190	328	0	2.77499848	293.202328	293.203004	293.202328	293.203642	0.00102453014	7.02908522e-005	6.8	0.0134533	0	0	3
191	330	0	2.78960373	293.202288	293.202966	293.202288	293.20361	0.00104580864	7.01903564e-005	6.7	0.013421	0	0	3
192	331	0	2.80420899	293.202249	293.202927	293.202249	293.203576	0.00106623221	7.01009769e-005	6.5	0.013298	0	0	3
193	333	0	2.81881424	293.202211	293.202888	293.202211	293.203542	0.00108580449	7.00222209e-005	6.4	0.0133662	0	0	3
194	335	0	2.8334195	293.202173	293.202849	293.202173	293.203508	0.00110450774	6.99534035e-005	6.3	0.0134478	0	0	3
195	336	0	2.84802475	293.202136	293.202809	293.202136	293.203472	0.00112232355	6.98938789e-005	6.2	0.0134369	0	0	3
196	338	0	2.86263001	293.202098	293.20277	293.202098	293.203436	0.00113925199	6.98430838e-005	6.1	0.0134152	0	0	3
197	340	0	2.87723526	293.202062	293.202731	293.202062	293.2034	0.00115528906	6.98003652e-005	6	0.0133893	0	0	3
198	342	0	2.89184052	293.202026	293.202692	293.202026	293.203363	0.00117043556	6.97650042e-005	5.9	0.0132602	0	0	3
199	343	0	2.90644577	293.20199	293.202652	293.20199	293.203326	0.00118469973	6.97363845e-005	5.8	0.0133247	0	0	3
200	345	0	2.92105103	293.201955	293.202613	293.201955	293.203288	0.00119806866	6.97139535e-005	5.8	0.0133928	0	0	3
201	347	0	2.93565628	293.201921	293.202574	293.201921	293.20325	0.00121052335	6.96972032e-005	5.7	0.0133662	0	0	3
202	349	0	2.95026154	293.201887	293.202535	293.201887	293.203212	0.00122206456	6.96857128e-005	5.7	0.0133544	0	0	3
203	350	0	2.96486679	293.201853	293.202496	293.201853	293.203173	0.00123269395	6.96789735e-005	5.6	0.0133356	0	0	3
204	352	0	2.97947205	293.20182	293.202458	293.20182	293.203134	0.00124241611	6.96764102e-005	5.6	0.0132156	0	0	3
205	354	0	2.9940773	293.201788	293.202419	293.201788	293.203095	0.00125123646	6.96775291e-005	5.5	0.0132946	0	0	3
206	356	0	3.00868256	293.201757	293.202381	293.201757	293.203055	0.00125914332	6.9681899e-005	5.5	0.0133711	0	0	3
207	357	0	3.02328781	293.201726	293.202343	293.201726	293.203015	0.00126612218	6.96890937e-005	5.5	0.0133456	0	0	3
208	359	0	3.03789307	293.201696	293.202305	293.201696	293.202975	0.00127217661	6.969878e-005	5.4	0.0133127	0	0	3
209	361	0	3.05249832	293.201666	293.202268	293.201666	293.202934	0.00126840638	6.9710535e-005	5.4	0.013285	0	0	3
210	362	0	3.06710358	293.201637	293.202231	293.201637	293.202894	0.00125718449	6.9723896e-005	5.5	0.0131707	0	0	3
211	364	0	3.08170883	293.201608	293.202194	293.201608	293.202853	0.00124514469	6.97384562e-005	5.6	0.0132643	0	0	3
212	366	0	3.09631409	293.201581	293.202158	293.201581	293.202813	0.00123201125	6.97538739e-005	5.6	0.0133161	0	0	3
213	367	0	3.11091934	293.201554	293.202122	293.201554	293.202772	0.00121808279	6.97698275e-005	5.7	0.0133226	0	0	3
214	369	0	3.1255246	293.201527	293.202086	293.201527	293.202731	0.00120385372	6.97860645e-005	5.7	0.0133233	0	0	3
215	371	0	3.14012985	293.201501	293.202051	293.201501	293.20269	0.00118909817	6.98022565e-005	5.8	0.0133084	0	0	3
216	372	0	3.15473511	293.201476	293.202016	293.201476	293.202649	0.00117386841	6.98180553e-005	5.9	0.0131929	0	0	3
217	374	0	3.16934036	293.201451	293.201982	293.201451	293.202609	0.00115806821	6.9833164e-005	6	0.0132623	0	0	3
218	376	0	3.18394562	293.201427	293.201948	293.201427	293.202568	0.00114152799	6.98473315e-005	6.1	0.0133479	0	0	3
219	378	0	3.19855088	293.201403	293.201915	293.201403	293.202527	0.00112438266	6.98603223e-005	6.2	0.0133372	0	0	3
220	379	0	3.21315613	293.20138	293.201882	293.20138	293.202487	0.00110711799	6.98719713e-005	6.3	0.0133209	0	0	3
221	381	0	3.22776139	293.201357	293.20185	293.201357	293.202447	0.00108959733	6.98820453e-005	6.4	0.0132953	0	0	3
222	383	0	3.24236664	293.201335	293.201818	293.201335	293.202407	0.00107186699	6.98902652e-005	6.5	0.0131643	0	0	3
223	384	0	3.2569719	293.201313	293.201787	293.201313	293.202367	0.00105377392	6.98963925e-005	6.6	0.0132353	0	0	3
224	386	0	3.27157715	293.201292	293.201756	293.201292	293.202328	0.00103520053	6.99002698e-005	6.7	0.0132777	0	0	3
225	388	0	3.28618241	293.201272	293.201726	293.201272	293.202288	0.00101640688	6.99017465e-005	6.8	0.0132748	0	0	3
226	389	0	3.30078766	293.201252	293.201697	293.201252	293.202249	0.000997749822	6.9900711e-005	7	0.0132819	0	0	3
227	391	0	3.31539292	293.201232	293.201667	293.201232	293.202211	0.000979143083	6.98970051e-005	7.1	0.0132652	0	0	3
228	392	0	3.32999817	293.201212	293.201639	293.201212	293.202173	0.000960611829	6.98904272e-005	7.2	0.013143	0	0	3
229	394	0	3.34460343	293.201194	293.201611	293.201194	293.202136	0.000942048693	6.98808329e-005	7.4	0.0132279	0	0	3
230	396	0	3.35920868	293.201175	293.201583	293.201175	293.202098	0.000923212314	6.98680989e-005	7.5	0.0133225	0	0	3
231	397	0	3.37381394	293.201157	293.201557	293.201157	293.202062	0.000904354616	6.98521117e-005	7.7	0.0133114	0	0	3
232	399	0	3.38841919	293.20114	293.20153	293.20114	293.202026	0.000885932203	6.9832831e-005	7.8	0.01329	0	0	3
233	401	0	3.40302445	293.201122	293.201504	293.201122	293.20199	0.000867778204	6.98101804e-005	8	0.0133264	0	0	3
234	402	0	3.4176297	293.201105	293.201479	293.201105	293.201955	0.000849882408	6.97840187e-005	8.2	0.0134043	0	0	3
235	404	0	3.43223496	293.201089	293.201454	293.201089	293.201921	0.000832039845	6.97542326e-005	8.3	0.0134679	0	0	3
236	406	0	3.44684021	293.201073	293.20143	293.201073	293.201887	0.000814100903	6.97207694e-005	8.5	0.0135457	0	0	3
237	407	0	3.46144547	293.201057	293.201406	293.201057	293.201853	0.000796302119	6.96835984e-005	8.7	0.0136234	0	0	3
238	409	0	3.47605072	293.201041	293.201383	293.201041	293.20182	0.000779118047	6.96427338e-005	8.9	0.0137045	0	0	3
239	411	0	3.49065598	293.201026	293.201361	293.201026	293.201788	0.0007623471	6.95981339e-005	9.1	0.0137783	0	0	3
240	412	0	3.50526123	293.201011	293.201338	293.201011	293.201757	0.000745890439	6.95497073e-005	9.3	0.0138545	0	0	3
241	414	0	3.51986649	293.200996	293.201317	293.200996	293.201726	0.000729637133	6.94973988e-005	9.5	0.0139182	0	0	3
242	415	0	3.53447174	293.200982	293.201295	293.200982	293.201696	0.000713424961	6.94411776e-005	9.7	0.0139907	0	0	3
243	417	0	3.549077	293.200968	293.201275	293.200968	293.201666	0.000697506962	6.93810409e-005	9.9	0.0140682	0	0	3
244	419	0	3.56368225	293.200954	293.201254	293.200954	293.201637	0.000682215799	6.93170464e-005	10.1	0.0141472	0	0	3
245	421	0	3.57828751	293.200941	293.201234	293.200941	293.201608	0.000667453948	6.92492107e-005	10.3	0.0142216	0	0	3
246	422	0	3.59289276	293.200928	293.201215	293.200928	293.201581	0.000653139491	6.91774893e-005	10.5	0.0142959	0	0	3
247	424	0	3.60749802	293.200915	293.201196	293.200915	293.201554	0.000639086413	6.91018578e-005	10.8	0.0143618	0	0	3
248	426	0	3.62210327	293.200902	293.201177	293.200902	293.201527	0.000625154651	6.90223516e-005	11	0.0144341	0	0	3
249	427	0	3.63670853	293.200889	293.201159	293.200889	293.201501	0.000611516467	6.89389965e-005	11.2	0.0145171	0	0	3
250	429	0	3.65131378	293.200877	293.201141	293.200877	293.201476	0.000598490592	6.88518792e-005	11.5	0.0145973	0	0	3
251	431	0	3.66591904	293.200865	293.201124	293.200865	293.201451	0.000585898667	6.87610393e-005	11.7	0.0146752	0	0	3
252	432	0	3.68052429	293.200853	293.201107	293.200853	293.201427	0.000573748691	6.86664888e-005	11.9	0.0147484	0	0	3
253	434	0	3.69512955	293.200841	293.20109	293.200841	293.201403	0.000561807356	6.85682236e-005	12.2	0.0148199	0	0	3
254	435	0	3.7097348	293.20083	293.201074	293.20083	293.20138	0.000550055245	6.84663154e-005	12.4	0.0148966	0	0	3
255	437	0	3.72434006	293.200819	293.201058	293.200819	293.201357	0.000538529674	6.83608181e-005	12.6	0.0149759	0	0	3
256	439	0	3.73894532	293.200808	293.201042	293.200808	293.201335	0.000527469346	6.82518302e-005	12.9	0.015055	0	0	3
257	440	0	3.75355057	293.200797	293.201026	293.200797	293.201313	0.000516677427	6.81393925e-005	13.1	0.0151321	0	0	3
258	442	0	3.76815583	293.200786	293.201011	293.200786	293.201292	0.000506306757	6.80235503e-005	13.4	0.0152092	0	0	3
259	444	0	3.78276108	293.200776	293.200997	293.200776	293.201272	0.000496128152	6.79043529e-005	13.6	0.0152858	0	0	3
260	445	0	3.79736634	293.200766	293.200982	293.200766	293.201252	0.000486115808	6.77819007e-005	13.9	0.0153615	0	0	3
261	447	0	3.81197159	293.200755	293.200968	293.200755	293.201232	0.000476274704	6.7656279e-005	14.2	0.0154374	0	0	3
262	449	0	3.82657685	293.200746	293.200954	293.200746	293.201212	0.000466902859	6.75276218e-005	14.4	0.0155159	0	0	3
263	450	0	3.8411821	293.200736	293.200941	293.200736	293.201194	0.000457754225	6.73960056e-005	14.7	0.0155842	0	0	3
264	452	0	3.85578736	293.200726	293.200927	293.200726	293.201175	0.000449072289	6.72615058e-005	14.9	0.0156574	0	0	3
265	454	0	3.87039261	293.200717	293.200914	293.200717	293.201157	0.000440699286	6.71242104e-005	15.2	0.0157348	0	0	3
266	455	0	3.88499787	293.200707	293.200901	293.200707	293.20114	0.000432466387	6.69842498e-005	15.4	0.0158122	0	0	3
267	457	0	3.89960312	293.200698	293.200889	293.200698	293.201122	0.000424319045	6.68417178e-005	15.7	0.0158818	0	0	3
268	458	0	3.91420838	293.200689	293.200876	293.200689	293.201105	0.000416517243	6.66967443e-005	16	0.0159582	0	0	3
269	460	0	3.92881363	293.20068	293.200864	293.20068	293.201089	0.000408875243	6.65493978e-005	16.2	0.0160341	0	0	3
270	462	0	3.94341889	293.200671	293.200852	293.200671	293.201073	0.000401521479	6.63997424e-005	16.5	0.0161156	0	0	3
271	463	0	3.95802414	293.200663	293.20084	293.200663	293.201057	0.000394264558	6.62478477e-005	16.8	0.016187	0	0	3
272	465	0	3.9726294	293.200654	293.200829	293.200654	293.201041	0.000387095719	6.60938505e-005	17	0.0162644	0	0	3
273	466	0	3.98723465	293.200646	293.200818	293.200646	293.201026	0.00038002814	6.59378574e-005	17.3	0.0163438	0	0	3
274	468	0	4.00183991	293.200638	293.200806	293.200638	293.201011	0.000373312513	6.57799951e-005	17.6	0.0164255	0	0	3
